 2.39639E+00	 1.60700E+03
 2.39477E+00	 1.61900E+03
 2.39316E+00	 1.61600E+03
 2.39155E+00	 1.61900E+03
 2.38994E+00	 1.60500E+03
 2.38833E+00	 1.60900E+03
 2.38673E+00	 1.61800E+03
 2.38513E+00	 1.61400E+03
 2.38353E+00	 1.60700E+03
 2.38193E+00	 1.61800E+03
 2.38033E+00	 1.61500E+03
 2.37874E+00	 1.61000E+03
 2.37715E+00	 1.61400E+03
 2.37556E+00	 1.60600E+03
 2.37397E+00	 1.62600E+03
 2.37239E+00	 1.62200E+03
 2.37081E+00	 1.60900E+03
 2.36923E+00	 1.61200E+03
 2.36765E+00	 1.61500E+03
 2.36607E+00	 1.62300E+03
 2.36450E+00	 1.60600E+03
 2.36293E+00	 1.62300E+03
 2.36136E+00	 1.60500E+03
 2.35979E+00	 1.61100E+03
 2.35823E+00	 1.61900E+03
 2.35666E+00	 1.60900E+03
 2.35510E+00	 1.60600E+03
 2.35354E+00	 1.61000E+03
 2.35199E+00	 1.61700E+03
 2.35043E+00	 1.61100E+03
 2.34888E+00	 1.61700E+03
 2.34733E+00	 1.61600E+03
 2.34578E+00	 1.61300E+03
 2.34423E+00	 1.60600E+03
 2.34269E+00	 1.61200E+03
 2.34115E+00	 1.61100E+03
 2.33961E+00	 1.61900E+03
 2.33807E+00	 1.60500E+03
 2.33653E+00	 1.61800E+03
 2.33500E+00	 1.60700E+03
 2.33347E+00	 1.61200E+03
 2.33194E+00	 1.60700E+03
 2.33041E+00	 1.61100E+03
 2.32889E+00	 1.61000E+03
 2.32736E+00	 1.61600E+03
 2.32584E+00	 1.61700E+03
 2.32432E+00	 1.63500E+03
 2.32280E+00	 1.72600E+03
 2.32129E+00	 1.83100E+03
 2.31978E+00	 1.85900E+03
 2.31826E+00	 1.84300E+03
 2.31675E+00	 1.84200E+03
 2.31525E+00	 1.82800E+03
 2.31374E+00	 1.84000E+03
 2.31224E+00	 1.81000E+03
 2.31074E+00	 1.83800E+03
 2.30924E+00	 1.80400E+03
 2.30774E+00	 1.79200E+03
 2.30625E+00	 1.81800E+03
 2.30475E+00	 1.78500E+03
 2.30326E+00	 1.79100E+03
 2.30177E+00	 1.85800E+03
 2.30028E+00	 1.90800E+03
 2.29880E+00	 1.91100E+03
 2.29731E+00	 2.01700E+03
 2.29583E+00	 2.09300E+03
 2.29435E+00	 2.11400E+03
 2.29288E+00	 2.25200E+03
 2.29140E+00	 2.32500E+03
 2.28993E+00	 2.37500E+03
 2.28845E+00	 2.75400E+03
 2.28698E+00	 3.16500E+03
 2.28552E+00	 3.05900E+03
 2.28405E+00	 2.55200E+03
 2.28259E+00	 2.33700E+03
 2.28112E+00	 2.12700E+03
 2.27966E+00	 1.98700E+03
 2.27820E+00	 1.91800E+03
 2.27675E+00	 1.92300E+03
 2.27529E+00	 1.90700E+03
 2.27384E+00	 1.92700E+03
 2.27239E+00	 1.91400E+03
 2.27094E+00	 1.88300E+03
 2.26949E+00	 1.90100E+03
 2.26805E+00	 1.85800E+03
 2.26661E+00	 1.91400E+03
 2.26516E+00	 1.89400E+03
 2.26372E+00	 1.84900E+03
 2.26229E+00	 1.87600E+03
 2.26085E+00	 1.89400E+03
 2.25942E+00	 1.88300E+03
 2.25798E+00	 1.94100E+03
 2.25655E+00	 1.93500E+03
 2.25513E+00	 1.96000E+03
 2.25370E+00	 2.00700E+03
 2.25227E+00	 2.02300E+03
 2.25085E+00	 2.06300E+03
 2.24943E+00	 2.10300E+03
 2.24801E+00	 2.15500E+03
 2.24659E+00	 2.22200E+03
 2.24518E+00	 2.27700E+03
 2.24376E+00	 2.37600E+03
 2.24235E+00	 2.33000E+03
 2.24094E+00	 2.17400E+03
 2.23953E+00	 2.18700E+03
 2.23813E+00	 2.04200E+03
 2.23672E+00	 1.99600E+03
 2.23532E+00	 1.92500E+03
 2.23392E+00	 1.95200E+03
 2.23252E+00	 1.91300E+03
 2.23112E+00	 1.91700E+03
 2.22972E+00	 1.90800E+03
 2.22833E+00	 1.88700E+03
 2.22694E+00	 1.89400E+03
 2.22555E+00	 1.95600E+03
 2.22416E+00	 1.90400E+03
 2.22277E+00	 1.91000E+03
 2.22139E+00	 1.90100E+03
 2.22000E+00	 1.87800E+03
 2.21862E+00	 1.89100E+03
 2.21724E+00	 1.91400E+03
 2.21586E+00	 1.93700E+03
 2.21449E+00	 1.91600E+03
 2.21311E+00	 1.96100E+03
 2.21174E+00	 1.93800E+03
 2.21037E+00	 1.95900E+03
 2.20900E+00	 1.95400E+03
 2.20763E+00	 2.03300E+03
 2.20626E+00	 2.02400E+03
 2.20490E+00	 2.02300E+03
 2.20354E+00	 2.03900E+03
 2.20218E+00	 2.03200E+03
 2.20082E+00	 2.07900E+03
 2.19946E+00	 2.06600E+03
 2.19810E+00	 1.99900E+03
 2.19675E+00	 1.98600E+03
 2.19540E+00	 1.97100E+03
 2.19405E+00	 1.93300E+03
 2.19270E+00	 1.92600E+03
 2.19135E+00	 1.90700E+03
 2.19000E+00	 1.91200E+03
 2.18866E+00	 1.92800E+03
 2.18732E+00	 1.91600E+03
 2.18598E+00	 1.89900E+03
 2.18464E+00	 1.92300E+03
 2.18330E+00	 1.87400E+03
 2.18196E+00	 1.85700E+03
 2.18063E+00	 1.86100E+03
 2.17930E+00	 1.87600E+03
 2.17797E+00	 1.88100E+03
 2.17664E+00	 1.88600E+03
 2.17531E+00	 1.92500E+03
 2.17398E+00	 1.86900E+03
 2.17266E+00	 1.91800E+03
 2.17134E+00	 1.93700E+03
 2.17002E+00	 1.92500E+03
 2.16870E+00	 1.89100E+03
 2.16738E+00	 1.93700E+03
 2.16606E+00	 1.91300E+03
 2.16475E+00	 1.89400E+03
 2.16344E+00	 1.95300E+03
 2.16213E+00	 1.93700E+03
 2.16082E+00	 1.97800E+03
 2.15951E+00	 1.95700E+03
 2.15820E+00	 1.93300E+03
 2.15690E+00	 1.94800E+03
 2.15559E+00	 1.93400E+03
 2.15429E+00	 1.91500E+03
 2.15299E+00	 1.94400E+03
 2.15169E+00	 1.97600E+03
 2.15040E+00	 1.91600E+03
 2.14910E+00	 1.89900E+03
 2.14781E+00	 1.93400E+03
 2.14652E+00	 1.89100E+03
 2.14523E+00	 1.94000E+03
 2.14394E+00	 1.92400E+03
 2.14265E+00	 1.89100E+03
 2.14136E+00	 1.94900E+03
 2.14008E+00	 1.92200E+03
 2.13880E+00	 1.90600E+03
 2.13752E+00	 1.95700E+03
 2.13624E+00	 1.88200E+03
 2.13496E+00	 1.91700E+03
 2.13368E+00	 1.90500E+03
 2.13241E+00	 1.89900E+03
 2.13113E+00	 1.94200E+03
 2.12986E+00	 1.96900E+03
 2.12859E+00	 1.93400E+03
 2.12732E+00	 1.98400E+03
 2.12606E+00	 1.95300E+03
 2.12479E+00	 1.95200E+03
 2.12353E+00	 1.96400E+03
 2.12226E+00	 1.93600E+03
 2.12100E+00	 1.89000E+03
 2.11974E+00	 1.98900E+03
 2.11848E+00	 2.00000E+03
 2.11723E+00	 1.98100E+03
 2.11597E+00	 2.00200E+03
 2.11472E+00	 1.94200E+03
 2.11347E+00	 1.98000E+03
 2.11222E+00	 2.00900E+03
 2.11097E+00	 1.96800E+03
 2.10972E+00	 2.01600E+03
 2.10848E+00	 1.96400E+03
 2.10723E+00	 2.00800E+03
 2.10599E+00	 1.97500E+03
 2.10475E+00	 1.96300E+03
 2.10351E+00	 1.97500E+03
 2.10227E+00	 2.02200E+03
 2.10103E+00	 2.01800E+03
 2.09979E+00	 1.99800E+03
 2.09856E+00	 1.99400E+03
 2.09733E+00	 2.00000E+03
 2.09610E+00	 1.95800E+03
 2.09487E+00	 2.00900E+03
 2.09364E+00	 1.99900E+03
 2.09241E+00	 2.00100E+03
 2.09119E+00	 1.97300E+03
 2.08996E+00	 2.03600E+03
 2.08874E+00	 2.05000E+03
 2.08752E+00	 2.07000E+03
 2.08630E+00	 2.04200E+03
 2.08508E+00	 2.03900E+03
 2.08387E+00	 2.07500E+03
 2.08265E+00	 2.08000E+03
 2.08144E+00	 2.05800E+03
 2.08022E+00	 2.02600E+03
 2.07901E+00	 2.09000E+03
 2.07780E+00	 2.13000E+03
 2.07660E+00	 2.11700E+03
 2.07539E+00	 2.12600E+03
 2.07418E+00	 2.06200E+03
 2.07298E+00	 2.14500E+03
 2.07178E+00	 2.11500E+03
 2.07058E+00	 2.12300E+03
 2.06938E+00	 2.15400E+03
 2.06818E+00	 2.17100E+03
 2.06698E+00	 2.11700E+03
 2.06579E+00	 2.15700E+03
 2.06459E+00	 2.15900E+03
 2.06340E+00	 2.17100E+03
 2.06221E+00	 2.19300E+03
 2.06102E+00	 2.18300E+03
 2.05983E+00	 2.13600E+03
 2.05864E+00	 2.22700E+03
 2.05746E+00	 2.21500E+03
 2.05627E+00	 2.21900E+03
 2.05509E+00	 2.20400E+03
 2.05391E+00	 2.19400E+03
 2.05273E+00	 2.20200E+03
 2.05155E+00	 2.26200E+03
 2.05037E+00	 2.29300E+03
 2.04920E+00	 2.20100E+03
 2.04802E+00	 2.29900E+03
 2.04685E+00	 2.30700E+03
 2.04568E+00	 2.26200E+03
 2.04451E+00	 2.33800E+03
 2.04334E+00	 2.29700E+03
 2.04217E+00	 2.34700E+03
 2.04100E+00	 2.37300E+03
 2.03984E+00	 2.37200E+03
 2.03868E+00	 2.35400E+03
 2.03751E+00	 2.31400E+03
 2.03635E+00	 2.38800E+03
 2.03519E+00	 2.35800E+03
 2.03403E+00	 2.39900E+03
 2.03288E+00	 2.39300E+03
 2.03172E+00	 2.42200E+03
 2.03057E+00	 2.44700E+03
 2.02941E+00	 2.51500E+03
 2.02826E+00	 2.46700E+03
 2.02711E+00	 2.50200E+03
 2.02596E+00	 2.54400E+03
 2.02482E+00	 2.45400E+03
 2.02367E+00	 2.53500E+03
 2.02252E+00	 2.57400E+03
 2.02138E+00	 2.58700E+03
 2.02024E+00	 2.57200E+03
 2.01910E+00	 2.56000E+03
 2.01796E+00	 2.60900E+03
 2.01682E+00	 2.61500E+03
 2.01568E+00	 2.61900E+03
 2.01454E+00	 2.63900E+03
 2.01341E+00	 2.64200E+03
 2.01228E+00	 2.71400E+03
 2.01114E+00	 2.70700E+03
 2.01001E+00	 2.70000E+03
 2.00888E+00	 2.64700E+03
 2.00776E+00	 2.75900E+03
 2.00663E+00	 2.72400E+03
 2.00550E+00	 2.77000E+03
 2.00438E+00	 2.75600E+03
 2.00326E+00	 2.78000E+03
 2.00213E+00	 2.91200E+03
 2.00101E+00	 2.84700E+03
 1.99989E+00	 2.82000E+03
 1.99878E+00	 2.88600E+03
 1.99766E+00	 2.93800E+03
 1.99654E+00	 3.02000E+03
 1.99543E+00	 2.94500E+03
 1.99432E+00	 2.94600E+03
 1.99321E+00	 3.00700E+03
 1.99210E+00	 3.02200E+03
 1.99099E+00	 3.09800E+03
 1.98988E+00	 3.03700E+03
 1.98877E+00	 3.05700E+03
 1.98767E+00	 3.12400E+03
 1.98656E+00	 3.13500E+03
 1.98546E+00	 3.06100E+03
 1.98436E+00	 3.02100E+03
 1.98326E+00	 3.13800E+03
 1.98216E+00	 3.17100E+03
 1.98106E+00	 3.18100E+03
 1.97996E+00	 3.22000E+03
 1.97887E+00	 3.26200E+03
 1.97777E+00	 3.26600E+03
 1.97668E+00	 3.34600E+03
 1.97559E+00	 3.33800E+03
 1.97450E+00	 3.39700E+03
 1.97341E+00	 3.43900E+03
 1.97232E+00	 3.43600E+03
 1.97123E+00	 3.45700E+03
 1.97015E+00	 3.47500E+03
 1.96906E+00	 3.49600E+03
 1.96798E+00	 3.55000E+03
 1.96690E+00	 3.66700E+03
 1.96582E+00	 3.70800E+03
 1.96474E+00	 3.57100E+03
 1.96366E+00	 3.67400E+03
 1.96258E+00	 3.61800E+03
 1.96151E+00	 3.72700E+03
 1.96043E+00	 3.74500E+03
 1.95936E+00	 3.68500E+03
 1.95829E+00	 3.89300E+03
 1.95721E+00	 3.83800E+03
 1.95614E+00	 3.93700E+03
 1.95507E+00	 3.87200E+03
 1.95401E+00	 3.95500E+03
 1.95294E+00	 3.98100E+03
 1.95188E+00	 4.10200E+03
 1.95081E+00	 4.05800E+03
 1.94975E+00	 4.12800E+03
 1.94869E+00	 4.09800E+03
 1.94763E+00	 4.05100E+03
 1.94657E+00	 4.18800E+03
 1.94551E+00	 4.21000E+03
 1.94445E+00	 4.25700E+03
 1.94339E+00	 4.27200E+03
 1.94234E+00	 4.35800E+03
 1.94129E+00	 4.39100E+03
 1.94023E+00	 4.34700E+03
 1.93918E+00	 4.50000E+03
 1.93813E+00	 4.50200E+03
 1.93708E+00	 4.56400E+03
 1.93604E+00	 4.50300E+03
 1.93499E+00	 4.69000E+03
 1.93394E+00	 4.69900E+03
 1.93290E+00	 4.58200E+03
 1.93186E+00	 4.68900E+03
 1.93081E+00	 4.86400E+03
 1.92977E+00	 4.69400E+03
 1.92873E+00	 4.90600E+03
 1.92769E+00	 4.94100E+03
 1.92666E+00	 4.91800E+03
 1.92562E+00	 4.98400E+03
 1.92459E+00	 5.04100E+03
 1.92355E+00	 5.12400E+03
 1.92252E+00	 4.95400E+03
 1.92149E+00	 5.12900E+03
 1.92046E+00	 5.22300E+03
 1.91943E+00	 5.23600E+03
 1.91840E+00	 5.23900E+03
 1.91737E+00	 5.27500E+03
 1.91634E+00	 5.37100E+03
 1.91532E+00	 5.42200E+03
 1.91429E+00	 5.49600E+03
 1.91327E+00	 5.48000E+03
 1.91225E+00	 5.52100E+03
 1.91123E+00	 5.60300E+03
 1.91021E+00	 5.71800E+03
 1.90919E+00	 5.76200E+03
 1.90817E+00	 5.86900E+03
 1.90716E+00	 5.84700E+03
 1.90614E+00	 5.91600E+03
 1.90513E+00	 5.94600E+03
 1.90412E+00	 6.06100E+03
 1.90310E+00	 6.03000E+03
 1.90209E+00	 5.97700E+03
 1.90108E+00	 6.14100E+03
 1.90007E+00	 6.26000E+03
 1.89907E+00	 6.19200E+03
 1.89806E+00	 6.29200E+03
 1.89706E+00	 6.45800E+03
 1.89605E+00	 6.56300E+03
 1.89505E+00	 6.53700E+03
 1.89405E+00	 6.62300E+03
 1.89304E+00	 6.65500E+03
 1.89204E+00	 6.70400E+03
 1.89105E+00	 6.82600E+03
 1.89005E+00	 6.96700E+03
 1.88905E+00	 6.96000E+03
 1.88806E+00	 6.98000E+03
 1.88706E+00	 7.10400E+03
 1.88607E+00	 6.96600E+03
 1.88508E+00	 6.93800E+03
 1.88408E+00	 7.18100E+03
 1.88309E+00	 7.39000E+03
 1.88210E+00	 7.41600E+03
 1.88112E+00	 7.47900E+03
 1.88013E+00	 7.40700E+03
 1.87914E+00	 7.39300E+03
 1.87816E+00	 7.73500E+03
 1.87717E+00	 7.60700E+03
 1.87619E+00	 7.83500E+03
 1.87521E+00	 7.80000E+03
 1.87423E+00	 7.92200E+03
 1.87325E+00	 7.90300E+03
 1.87227E+00	 8.04900E+03
 1.87129E+00	 8.17600E+03
 1.87032E+00	 8.17400E+03
 1.86934E+00	 8.16800E+03
 1.86837E+00	 8.41800E+03
 1.86739E+00	 8.57100E+03
 1.86642E+00	 8.26300E+03
 1.86545E+00	 8.56900E+03
 1.86448E+00	 8.67100E+03
 1.86351E+00	 8.60800E+03
 1.86254E+00	 8.79800E+03
 1.86157E+00	 8.76500E+03
 1.86061E+00	 8.93300E+03
 1.85964E+00	 8.82500E+03
 1.85868E+00	 9.05400E+03
 1.85771E+00	 9.12300E+03
 1.85675E+00	 9.35200E+03
 1.85579E+00	 9.42600E+03
 1.85483E+00	 9.30400E+03
 1.85387E+00	 9.52300E+03
 1.85291E+00	 9.61900E+03
 1.85195E+00	 9.65200E+03
 1.85100E+00	 9.83700E+03
 1.85004E+00	 9.67600E+03
 1.84909E+00	 9.80200E+03
 1.84814E+00	 9.99800E+03
 1.84718E+00	 1.01450E+04
 1.84623E+00	 1.02140E+04
 1.84528E+00	 1.02640E+04
 1.84433E+00	 1.03310E+04
 1.84338E+00	 1.02110E+04
 1.84244E+00	 1.07650E+04
 1.84149E+00	 1.07960E+04
 1.84055E+00	 1.10060E+04
 1.83960E+00	 1.10940E+04
 1.83866E+00	 1.06810E+04
 1.83772E+00	 1.12970E+04
 1.83678E+00	 1.11810E+04
 1.83584E+00	 1.13620E+04
 1.83490E+00	 1.13110E+04
 1.83396E+00	 1.14740E+04
 1.83302E+00	 1.14680E+04
 1.83208E+00	 1.18290E+04
 1.83115E+00	 1.18350E+04
 1.83021E+00	 1.19860E+04
 1.82928E+00	 1.18680E+04
 1.82835E+00	 1.21970E+04
 1.82742E+00	 1.19660E+04
 1.82649E+00	 1.21650E+04
 1.82556E+00	 1.21600E+04
 1.82463E+00	 1.23110E+04
 1.82370E+00	 1.24820E+04
 1.82277E+00	 1.24760E+04
 1.82185E+00	 1.29170E+04
 1.82092E+00	 1.26540E+04
 1.82000E+00	 1.28810E+04
 1.81908E+00	 1.29160E+04
 1.81816E+00	 1.29500E+04
 1.81723E+00	 1.30880E+04
 1.81631E+00	 1.30360E+04
 1.81540E+00	 1.31160E+04
 1.81448E+00	 1.35950E+04
 1.81356E+00	 1.37770E+04
 1.81264E+00	 1.38320E+04
 1.81173E+00	 1.39540E+04
 1.81081E+00	 1.39660E+04
 1.80990E+00	 1.40900E+04
 1.80899E+00	 1.42990E+04
 1.80808E+00	 1.42240E+04
 1.80717E+00	 1.41190E+04
 1.80626E+00	 1.43940E+04
 1.80535E+00	 1.44060E+04
 1.80444E+00	 1.47180E+04
 1.80353E+00	 1.45110E+04
 1.80263E+00	 1.47490E+04
 1.80172E+00	 1.51420E+04
 1.80082E+00	 1.51870E+04
 1.79992E+00	 1.53630E+04
 1.79902E+00	 1.53190E+04
 1.79811E+00	 1.54100E+04
 1.79721E+00	 1.52800E+04
 1.79631E+00	 1.55320E+04
 1.79542E+00	 1.56820E+04
 1.79452E+00	 1.55920E+04
 1.79362E+00	 1.58430E+04
 1.79273E+00	 1.62760E+04
 1.79183E+00	 1.63240E+04
 1.79094E+00	 1.63430E+04
 1.79004E+00	 1.64680E+04
 1.78915E+00	 1.64880E+04
 1.78826E+00	 1.67450E+04
 1.78737E+00	 1.70840E+04
 1.78648E+00	 1.70870E+04
 1.78559E+00	 1.67650E+04
 1.78471E+00	 1.70120E+04
 1.78382E+00	 1.70150E+04
 1.78293E+00	 1.70590E+04
 1.78205E+00	 1.71150E+04
 1.78117E+00	 1.75430E+04
 1.78028E+00	 1.74020E+04
 1.77940E+00	 1.73460E+04
 1.77852E+00	 1.76330E+04
 1.77764E+00	 1.79730E+04
 1.77676E+00	 1.80100E+04
 1.77588E+00	 1.81370E+04
 1.77500E+00	 1.81260E+04
 1.77413E+00	 1.84810E+04
 1.77325E+00	 1.84800E+04
 1.77238E+00	 1.84090E+04
 1.77150E+00	 1.83970E+04
 1.77063E+00	 1.86630E+04
 1.76976E+00	 1.86120E+04
 1.76889E+00	 1.89290E+04
 1.76801E+00	 1.93280E+04
 1.76714E+00	 1.91390E+04
 1.76628E+00	 1.92390E+04
 1.76541E+00	 1.95620E+04
 1.76454E+00	 1.97220E+04
 1.76368E+00	 1.97700E+04
 1.76281E+00	 1.98700E+04
 1.76195E+00	 1.99680E+04
 1.76108E+00	 2.02200E+04
 1.76022E+00	 2.01590E+04
 1.75936E+00	 2.06310E+04
 1.75850E+00	 2.01410E+04
 1.75764E+00	 2.05220E+04
 1.75678E+00	 2.08800E+04
 1.75592E+00	 2.08470E+04
 1.75506E+00	 2.09550E+04
 1.75420E+00	 2.11380E+04
 1.75335E+00	 2.13660E+04
 1.75249E+00	 2.15760E+04
 1.75164E+00	 2.11460E+04
 1.75079E+00	 2.15580E+04
 1.74993E+00	 2.17210E+04
 1.74908E+00	 2.16210E+04
 1.74823E+00	 2.16190E+04
 1.74738E+00	 2.16990E+04
 1.74653E+00	 2.20170E+04
 1.74569E+00	 2.20370E+04
 1.74484E+00	 2.20630E+04
 1.74399E+00	 2.21440E+04
 1.74315E+00	 2.24560E+04
 1.74230E+00	 2.29800E+04
 1.74146E+00	 2.28760E+04
 1.74061E+00	 2.26390E+04
 1.73977E+00	 2.27470E+04
 1.73893E+00	 2.32110E+04
 1.73809E+00	 2.30770E+04
 1.73725E+00	 2.33830E+04
 1.73641E+00	 2.31540E+04
 1.73557E+00	 2.30690E+04
 1.73474E+00	 2.36820E+04
 1.73390E+00	 2.40280E+04
 1.73306E+00	 2.37870E+04
 1.73223E+00	 2.42120E+04
 1.73140E+00	 2.44390E+04
 1.73056E+00	 2.44070E+04
 1.72973E+00	 2.45740E+04
 1.72890E+00	 2.45090E+04
 1.72807E+00	 2.45510E+04
 1.72724E+00	 2.51550E+04
 1.72641E+00	 2.50210E+04
 1.72558E+00	 2.46000E+04
 1.72475E+00	 2.51860E+04
 1.72393E+00	 2.51530E+04
 1.72310E+00	 2.49330E+04
 1.72228E+00	 2.49340E+04
 1.72145E+00	 2.56280E+04
 1.72063E+00	 2.55290E+04
 1.71981E+00	 2.57420E+04
 1.71898E+00	 2.59720E+04
 1.71816E+00	 2.62520E+04
 1.71734E+00	 2.63560E+04
 1.71652E+00	 2.65700E+04
 1.71571E+00	 2.61230E+04
 1.71489E+00	 2.64090E+04
 1.71407E+00	 2.66030E+04
 1.71326E+00	 2.66480E+04
 1.71244E+00	 2.66680E+04
 1.71163E+00	 2.68430E+04
 1.71081E+00	 2.68740E+04
 1.71000E+00	 2.72420E+04
 1.70919E+00	 2.73760E+04
 1.70838E+00	 2.75580E+04
 1.70756E+00	 2.77600E+04
 1.70676E+00	 2.80770E+04
 1.70595E+00	 2.80920E+04
 1.70514E+00	 2.77370E+04
 1.70433E+00	 2.85480E+04
 1.70352E+00	 2.85070E+04
 1.70272E+00	 2.83670E+04
 1.70191E+00	 2.80800E+04
 1.70111E+00	 2.81790E+04
 1.70031E+00	 2.81260E+04
 1.69950E+00	 2.83170E+04
 1.69870E+00	 2.84560E+04
 1.69790E+00	 2.87070E+04
 1.69710E+00	 2.87850E+04
 1.69630E+00	 2.90390E+04
 1.69550E+00	 2.91640E+04
 1.69470E+00	 2.94130E+04
 1.69391E+00	 2.99310E+04
 1.69311E+00	 2.95030E+04
 1.69231E+00	 2.94350E+04
 1.69152E+00	 2.97740E+04
 1.69073E+00	 2.99720E+04
 1.68993E+00	 2.96720E+04
 1.68914E+00	 2.97720E+04
 1.68835E+00	 2.99610E+04
 1.68756E+00	 3.01080E+04
 1.68677E+00	 3.06800E+04
 1.68598E+00	 3.05660E+04
 1.68519E+00	 3.07280E+04
 1.68440E+00	 3.12110E+04
 1.68361E+00	 3.12890E+04
 1.68283E+00	 3.11620E+04
 1.68204E+00	 3.10740E+04
 1.68125E+00	 3.14730E+04
 1.68047E+00	 3.10310E+04
 1.67969E+00	 3.12600E+04
 1.67890E+00	 3.13050E+04
 1.67812E+00	 3.11930E+04
 1.67734E+00	 3.14620E+04
 1.67656E+00	 3.12560E+04
 1.67578E+00	 3.10800E+04
 1.67500E+00	 3.14750E+04
 1.67422E+00	 3.15070E+04
 1.67345E+00	 3.19970E+04
 1.67267E+00	 3.23780E+04
 1.67189E+00	 3.28470E+04
 1.67112E+00	 3.26030E+04
 1.67034E+00	 3.30210E+04
 1.66957E+00	 3.27440E+04
 1.66880E+00	 3.25830E+04
 1.66802E+00	 3.26870E+04
 1.66725E+00	 3.30090E+04
 1.66648E+00	 3.23870E+04
 1.66571E+00	 3.26660E+04
 1.66494E+00	 3.28420E+04
 1.66417E+00	 3.29670E+04
 1.66341E+00	 3.31750E+04
 1.66264E+00	 3.34330E+04
 1.66187E+00	 3.33840E+04
 1.66111E+00	 3.42600E+04
 1.66034E+00	 3.42600E+04
 1.65958E+00	 3.36950E+04
 1.65881E+00	 3.41090E+04
 1.65805E+00	 3.40120E+04
 1.65729E+00	 3.36450E+04
 1.65653E+00	 3.41430E+04
 1.65577E+00	 3.40020E+04
 1.65501E+00	 3.39260E+04
 1.65425E+00	 3.43580E+04
 1.65349E+00	 3.42150E+04
 1.65273E+00	 3.44560E+04
 1.65197E+00	 3.43610E+04
 1.65122E+00	 3.47370E+04
 1.65046E+00	 3.54670E+04
 1.64971E+00	 3.52550E+04
 1.64895E+00	 3.54520E+04
 1.64820E+00	 3.58860E+04
 1.64744E+00	 3.58670E+04
 1.64669E+00	 3.60380E+04
 1.64594E+00	 3.59320E+04
 1.64519E+00	 3.64890E+04
 1.64444E+00	 3.59190E+04
 1.64369E+00	 3.60070E+04
 1.64294E+00	 3.58620E+04
 1.64219E+00	 3.61170E+04
 1.64145E+00	 3.60580E+04
 1.64070E+00	 3.57420E+04
 1.63996E+00	 3.59350E+04
 1.63921E+00	 3.58700E+04
 1.63847E+00	 3.64650E+04
 1.63772E+00	 3.67670E+04
 1.63698E+00	 3.67280E+04
 1.63624E+00	 3.73560E+04
 1.63549E+00	 3.74280E+04
 1.63475E+00	 3.74780E+04
 1.63401E+00	 3.72370E+04
 1.63327E+00	 3.71170E+04
 1.63254E+00	 3.73590E+04
 1.63180E+00	 3.71360E+04
 1.63106E+00	 3.66980E+04
 1.63032E+00	 3.69690E+04
 1.62959E+00	 3.66670E+04
 1.62885E+00	 3.65200E+04
 1.62812E+00	 3.66020E+04
 1.62738E+00	 3.71760E+04
 1.62665E+00	 3.71140E+04
 1.62592E+00	 3.75070E+04
 1.62518E+00	 3.76910E+04
 1.62445E+00	 3.77460E+04
 1.62372E+00	 3.81190E+04
 1.62299E+00	 3.85190E+04
 1.62226E+00	 3.80410E+04
 1.62153E+00	 3.81630E+04
 1.62081E+00	 3.83110E+04
 1.62008E+00	 3.76050E+04
 1.61935E+00	 3.80240E+04
 1.61863E+00	 3.72810E+04
 1.61790E+00	 3.76800E+04
 1.61718E+00	 3.71930E+04
 1.61645E+00	 3.77790E+04
 1.61573E+00	 3.77700E+04
 1.61501E+00	 3.80040E+04
 1.61428E+00	 3.80610E+04
 1.61356E+00	 3.87410E+04
 1.61284E+00	 3.88120E+04
 1.61212E+00	 3.90830E+04
 1.61140E+00	 3.93410E+04
 1.61068E+00	 3.95990E+04
 1.60997E+00	 3.93240E+04
 1.60925E+00	 3.94980E+04
 1.60853E+00	 3.92300E+04
 1.60782E+00	 3.90690E+04
 1.60710E+00	 3.89290E+04
 1.60639E+00	 3.89360E+04
 1.60567E+00	 3.87300E+04
 1.60496E+00	 3.86850E+04
 1.60425E+00	 3.86710E+04
 1.60353E+00	 3.86200E+04
 1.60282E+00	 3.82270E+04
 1.60211E+00	 3.83890E+04
 1.60140E+00	 3.89950E+04
 1.60069E+00	 3.88980E+04
 1.59998E+00	 3.92150E+04
 1.59928E+00	 3.98600E+04
 1.59857E+00	 3.97110E+04
 1.59786E+00	 4.00110E+04
 1.59716E+00	 4.01440E+04
 1.59645E+00	 4.00530E+04
 1.59574E+00	 4.02430E+04
 1.59504E+00	 3.99290E+04
 1.59434E+00	 3.96960E+04
 1.59363E+00	 3.92050E+04
 1.59293E+00	 3.91920E+04
 1.59223E+00	 3.89340E+04
 1.59153E+00	 3.89340E+04
 1.59083E+00	 3.86490E+04
 1.59013E+00	 3.88020E+04
 1.58943E+00	 3.91070E+04
 1.58873E+00	 3.87420E+04
 1.58803E+00	 3.92910E+04
 1.58733E+00	 3.95610E+04
 1.58664E+00	 4.00510E+04
 1.58594E+00	 3.97380E+04
 1.58525E+00	 3.98440E+04
 1.58455E+00	 4.02580E+04
 1.58386E+00	 4.07090E+04
 1.58316E+00	 4.03030E+04
 1.58247E+00	 4.06610E+04
 1.58178E+00	 4.02600E+04
 1.58109E+00	 3.98550E+04
 1.58040E+00	 3.94630E+04
 1.57971E+00	 3.97440E+04
 1.57902E+00	 3.95910E+04
 1.57833E+00	 3.91360E+04
 1.57764E+00	 3.92930E+04
 1.57695E+00	 3.89590E+04
 1.57626E+00	 3.92910E+04
 1.57558E+00	 3.91760E+04
 1.57489E+00	 3.93250E+04
 1.57420E+00	 3.97080E+04
 1.57352E+00	 3.99140E+04
 1.57284E+00	 3.99780E+04
 1.57215E+00	 4.06360E+04
 1.57147E+00	 4.10520E+04
 1.57079E+00	 4.07190E+04
 1.57010E+00	 4.09540E+04
 1.56942E+00	 4.09540E+04
 1.56874E+00	 4.06850E+04
 1.56806E+00	 4.01130E+04
 1.56738E+00	 3.97930E+04
 1.56670E+00	 3.94910E+04
 1.56603E+00	 3.94580E+04
 1.56535E+00	 3.91250E+04
 1.56467E+00	 3.88550E+04
 1.56400E+00	 3.89700E+04
 1.56332E+00	 3.87260E+04
 1.56264E+00	 3.92410E+04
 1.56197E+00	 3.94510E+04
 1.56130E+00	 4.00130E+04
 1.56062E+00	 4.03410E+04
 1.55995E+00	 4.06430E+04
 1.55928E+00	 4.05080E+04
 1.55861E+00	 4.06530E+04
 1.55793E+00	 4.08440E+04
 1.55726E+00	 4.04920E+04
 1.55659E+00	 4.00380E+04
 1.55593E+00	 4.03860E+04
 1.55526E+00	 3.97130E+04
 1.55459E+00	 3.90900E+04
 1.55392E+00	 3.86240E+04
 1.55325E+00	 3.82570E+04
 1.55259E+00	 3.88970E+04
 1.55192E+00	 3.89010E+04
 1.55126E+00	 3.86090E+04
 1.55059E+00	 3.89250E+04
 1.54993E+00	 3.96070E+04
 1.54927E+00	 3.96800E+04
 1.54860E+00	 3.99170E+04
 1.54794E+00	 4.01750E+04
 1.54728E+00	 4.02200E+04
 1.54662E+00	 3.95730E+04
 1.54596E+00	 4.00710E+04
 1.54530E+00	 4.00070E+04
 1.54464E+00	 3.94820E+04
 1.54398E+00	 3.90750E+04
 1.54332E+00	 3.85950E+04
 1.54266E+00	 3.84560E+04
 1.54201E+00	 3.75870E+04
 1.54135E+00	 3.77050E+04
 1.54070E+00	 3.71210E+04
 1.54004E+00	 3.74010E+04
 1.53939E+00	 3.78220E+04
 1.53873E+00	 3.79520E+04
 1.53808E+00	 3.84070E+04
 1.53743E+00	 3.88390E+04
 1.53677E+00	 3.91060E+04
 1.53612E+00	 3.92640E+04
 1.53547E+00	 3.96540E+04
 1.53482E+00	 3.95900E+04
 1.53417E+00	 3.91590E+04
 1.53352E+00	 3.89170E+04
 1.53287E+00	 3.86580E+04
 1.53222E+00	 3.83160E+04
 1.53157E+00	 3.82440E+04
 1.53093E+00	 3.76200E+04
 1.53028E+00	 3.69690E+04
 1.52963E+00	 3.66010E+04
 1.52899E+00	 3.68980E+04
 1.52834E+00	 3.69100E+04
 1.52770E+00	 3.69530E+04
 1.52706E+00	 3.71730E+04
 1.52641E+00	 3.74230E+04
 1.52577E+00	 3.83870E+04
 1.52513E+00	 3.77810E+04
 1.52449E+00	 3.79720E+04
 1.52384E+00	 3.82280E+04
 1.52320E+00	 3.85120E+04
 1.52256E+00	 3.84220E+04
 1.52192E+00	 3.81480E+04
 1.52129E+00	 3.77590E+04
 1.52065E+00	 3.77310E+04
 1.52001E+00	 3.74950E+04
 1.51937E+00	 3.72500E+04
 1.51874E+00	 3.66230E+04
 1.51810E+00	 3.60370E+04
 1.51746E+00	 3.57670E+04
 1.51683E+00	 3.52530E+04
 1.51619E+00	 3.55530E+04
 1.51556E+00	 3.50910E+04
 1.51493E+00	 3.48580E+04
 1.51429E+00	 3.49720E+04
 1.51366E+00	 3.46320E+04
 1.51303E+00	 3.54240E+04
 1.51240E+00	 3.56130E+04
 1.51177E+00	 3.61420E+04
 1.51114E+00	 3.63740E+04
 1.51051E+00	 3.66950E+04
 1.50988E+00	 3.67420E+04
 1.50925E+00	 3.68070E+04
 1.50862E+00	 3.65030E+04
 1.50800E+00	 3.64960E+04
 1.50737E+00	 3.62490E+04
 1.50674E+00	 3.58900E+04
 1.50612E+00	 3.56810E+04
 1.50549E+00	 3.50850E+04
 1.50487E+00	 3.46830E+04
 1.50424E+00	 3.46600E+04
 1.50362E+00	 3.42990E+04
 1.50299E+00	 3.35610E+04
 1.50237E+00	 3.33290E+04
 1.50175E+00	 3.32070E+04
 1.50113E+00	 3.33910E+04
 1.50051E+00	 3.31790E+04
 1.49989E+00	 3.36890E+04
 1.49927E+00	 3.40210E+04
 1.49865E+00	 3.48550E+04
 1.49803E+00	 3.48000E+04
 1.49741E+00	 3.48920E+04
 1.49679E+00	 3.49440E+04
 1.49617E+00	 3.49740E+04
 1.49556E+00	 3.52510E+04
 1.49494E+00	 3.47150E+04
 1.49432E+00	 3.40060E+04
 1.49371E+00	 3.43420E+04
 1.49309E+00	 3.38810E+04
 1.49248E+00	 3.35560E+04
 1.49187E+00	 3.31380E+04
 1.49125E+00	 3.23910E+04
 1.49064E+00	 3.22270E+04
 1.49003E+00	 3.18150E+04
 1.48942E+00	 3.14870E+04
 1.48881E+00	 3.10890E+04
 1.48819E+00	 3.09370E+04
 1.48758E+00	 3.12500E+04
 1.48697E+00	 3.15060E+04
 1.48637E+00	 3.15620E+04
 1.48576E+00	 3.24890E+04
 1.48515E+00	 3.19800E+04
 1.48454E+00	 3.25390E+04
 1.48393E+00	 3.29760E+04
 1.48333E+00	 3.28510E+04
 1.48272E+00	 3.33120E+04
 1.48212E+00	 3.28310E+04
 1.48151E+00	 3.21930E+04
 1.48091E+00	 3.27130E+04
 1.48030E+00	 3.23710E+04
 1.47970E+00	 3.17630E+04
 1.47910E+00	 3.17880E+04
 1.47849E+00	 3.12670E+04
 1.47789E+00	 3.10330E+04
 1.47729E+00	 3.04690E+04
 1.47669E+00	 2.97160E+04
 1.47609E+00	 2.93700E+04
 1.47549E+00	 2.89750E+04
 1.47489E+00	 2.92720E+04
 1.47429E+00	 2.90890E+04
 1.47369E+00	 2.91410E+04
 1.47309E+00	 3.00370E+04
 1.47249E+00	 3.00560E+04
 1.47190E+00	 3.02820E+04
 1.47130E+00	 3.06680E+04
 1.47070E+00	 3.12550E+04
 1.47011E+00	 3.08110E+04
 1.46951E+00	 3.07620E+04
 1.46892E+00	 3.11130E+04
 1.46833E+00	 3.06470E+04
 1.46773E+00	 3.06510E+04
 1.46714E+00	 3.05330E+04
 1.46655E+00	 3.00070E+04
 1.46595E+00	 2.91910E+04
 1.46536E+00	 2.90890E+04
 1.46477E+00	 2.82460E+04
 1.46418E+00	 2.77400E+04
 1.46359E+00	 2.77950E+04
 1.46300E+00	 2.74040E+04
 1.46241E+00	 2.69770E+04
 1.46182E+00	 2.74890E+04
 1.46123E+00	 2.78580E+04
 1.46065E+00	 2.77860E+04
 1.46006E+00	 2.82410E+04
 1.45947E+00	 2.85740E+04
 1.45889E+00	 2.86050E+04
 1.45830E+00	 2.89890E+04
 1.45771E+00	 2.90130E+04
 1.45713E+00	 2.90750E+04
 1.45655E+00	 2.91510E+04
 1.45596E+00	 2.87960E+04
 1.45538E+00	 2.90530E+04
 1.45480E+00	 2.84380E+04
 1.45421E+00	 2.83630E+04
 1.45363E+00	 2.79340E+04
 1.45305E+00	 2.74770E+04
 1.45247E+00	 2.72140E+04
 1.45189E+00	 2.68500E+04
 1.45131E+00	 2.66770E+04
 1.45073E+00	 2.60670E+04
 1.45015E+00	 2.55510E+04
 1.44957E+00	 2.53460E+04
 1.44899E+00	 2.48420E+04
 1.44841E+00	 2.44490E+04
 1.44784E+00	 2.47940E+04
 1.44726E+00	 2.48780E+04
 1.44668E+00	 2.46260E+04
 1.44611E+00	 2.54120E+04
 1.44553E+00	 2.54450E+04
 1.44496E+00	 2.58150E+04
 1.44438E+00	 2.59980E+04
 1.44381E+00	 2.64580E+04
 1.44323E+00	 2.65240E+04
 1.44266E+00	 2.67220E+04
 1.44209E+00	 2.66230E+04
 1.44152E+00	 2.62580E+04
 1.44095E+00	 2.62370E+04
 1.44037E+00	 2.60970E+04
 1.43980E+00	 2.51560E+04
 1.43923E+00	 2.48850E+04
 1.43866E+00	 2.46510E+04
 1.43809E+00	 2.40010E+04
 1.43752E+00	 2.34420E+04
 1.43696E+00	 2.31420E+04
 1.43639E+00	 2.28940E+04
 1.43582E+00	 2.29000E+04
 1.43525E+00	 2.22220E+04
 1.43469E+00	 2.27480E+04
 1.43412E+00	 2.27850E+04
 1.43355E+00	 2.27130E+04
 1.43299E+00	 2.26850E+04
 1.43242E+00	 2.33000E+04
 1.43186E+00	 2.36260E+04
 1.43130E+00	 2.36720E+04
 1.43073E+00	 2.39350E+04
 1.43017E+00	 2.42580E+04
 1.42961E+00	 2.43810E+04
 1.42905E+00	 2.38380E+04
 1.42848E+00	 2.43150E+04
 1.42792E+00	 2.41920E+04
 1.42736E+00	 2.38590E+04
 1.42680E+00	 2.36280E+04
 1.42624E+00	 2.33860E+04
 1.42568E+00	 2.26150E+04
 1.42512E+00	 2.23840E+04
 1.42456E+00	 2.20820E+04
 1.42401E+00	 2.13130E+04
 1.42345E+00	 2.09240E+04
 1.42289E+00	 2.05930E+04
 1.42233E+00	 2.04190E+04
 1.42178E+00	 2.02250E+04
 1.42122E+00	 2.05860E+04
 1.42067E+00	 2.08500E+04
 1.42011E+00	 2.08680E+04
 1.41956E+00	 2.11380E+04
 1.41900E+00	 2.13090E+04
 1.41845E+00	 2.14940E+04
 1.41790E+00	 2.17880E+04
 1.41734E+00	 2.19230E+04
 1.41679E+00	 2.20880E+04
 1.41624E+00	 2.18740E+04
 1.41569E+00	 2.18610E+04
 1.41514E+00	 2.17560E+04
 1.41459E+00	 2.10680E+04
 1.41404E+00	 2.06980E+04
 1.41349E+00	 2.05270E+04
 1.41294E+00	 2.00190E+04
 1.41239E+00	 1.94640E+04
 1.41184E+00	 1.89970E+04
 1.41129E+00	 1.90970E+04
 1.41074E+00	 1.84900E+04
 1.41020E+00	 1.86900E+04
 1.40965E+00	 1.84990E+04
 1.40910E+00	 1.78790E+04
 1.40856E+00	 1.85220E+04
 1.40801E+00	 1.89140E+04
 1.40747E+00	 1.92020E+04
 1.40692E+00	 1.92050E+04
 1.40638E+00	 2.00570E+04
 1.40583E+00	 1.95910E+04
 1.40529E+00	 1.99750E+04
 1.40475E+00	 1.97610E+04
 1.40421E+00	 1.98850E+04
 1.40366E+00	 1.95150E+04
 1.40312E+00	 1.95730E+04
 1.40258E+00	 1.91400E+04
 1.40204E+00	 1.85390E+04
 1.40150E+00	 1.81390E+04
 1.40096E+00	 1.81400E+04
 1.40042E+00	 1.74100E+04
 1.39988E+00	 1.68450E+04
 1.39934E+00	 1.68910E+04
 1.39880E+00	 1.64290E+04
 1.39827E+00	 1.67550E+04
 1.39773E+00	 1.63390E+04
 1.39719E+00	 1.67200E+04
 1.39666E+00	 1.67740E+04
 1.39612E+00	 1.68300E+04
 1.39558E+00	 1.74140E+04
 1.39505E+00	 1.75800E+04
 1.39451E+00	 1.76180E+04
 1.39398E+00	 1.78630E+04
 1.39344E+00	 1.78000E+04
 1.39291E+00	 1.79580E+04
 1.39238E+00	 1.78840E+04
 1.39185E+00	 1.78910E+04
 1.39131E+00	 1.77660E+04
 1.39078E+00	 1.76710E+04
 1.39025E+00	 1.71770E+04
 1.38972E+00	 1.69010E+04
 1.38919E+00	 1.64360E+04
 1.38866E+00	 1.60640E+04
 1.38813E+00	 1.58110E+04
 1.38760E+00	 1.52810E+04
 1.38707E+00	 1.50990E+04
 1.38654E+00	 1.49180E+04
 1.38601E+00	 1.47370E+04
 1.38548E+00	 1.47010E+04
 1.38496E+00	 1.46120E+04
 1.38443E+00	 1.48750E+04
 1.38390E+00	 1.50110E+04
 1.38338E+00	 1.51190E+04
 1.38285E+00	 1.54630E+04
 1.38232E+00	 1.57720E+04
 1.38180E+00	 1.59370E+04
 1.38127E+00	 1.59150E+04
 1.38075E+00	 1.62780E+04
 1.38023E+00	 1.60550E+04
 1.37970E+00	 1.59660E+04
 1.37918E+00	 1.57470E+04
 1.37866E+00	 1.58320E+04
 1.37813E+00	 1.57590E+04
 1.37761E+00	 1.53740E+04
 1.37709E+00	 1.49730E+04
 1.37657E+00	 1.44670E+04
 1.37605E+00	 1.46010E+04
 1.37553E+00	 1.39840E+04
 1.37501E+00	 1.36730E+04
 1.37449E+00	 1.35770E+04
 1.37397E+00	 1.34640E+04
 1.37345E+00	 1.30680E+04
 1.37293E+00	 1.30750E+04
 1.37242E+00	 1.29440E+04
 1.37190E+00	 1.29210E+04
 1.37138E+00	 1.29270E+04
 1.37086E+00	 1.30360E+04
 1.37035E+00	 1.31470E+04
 1.36983E+00	 1.36080E+04
 1.36932E+00	 1.34690E+04
 1.36880E+00	 1.38660E+04
 1.36829E+00	 1.37930E+04
 1.36777E+00	 1.40780E+04
 1.36726E+00	 1.41470E+04
 1.36674E+00	 1.41290E+04
 1.36623E+00	 1.39670E+04
 1.36572E+00	 1.37920E+04
 1.36521E+00	 1.38610E+04
 1.36469E+00	 1.36000E+04
 1.36418E+00	 1.33500E+04
 1.36367E+00	 1.30730E+04
 1.36316E+00	 1.30410E+04
 1.36265E+00	 1.24620E+04
 1.36214E+00	 1.20180E+04
 1.36163E+00	 1.18730E+04
 1.36112E+00	 1.16270E+04
 1.36061E+00	 1.16130E+04
 1.36010E+00	 1.13240E+04
 1.35959E+00	 1.13240E+04
 1.35909E+00	 1.14460E+04
 1.35858E+00	 1.13520E+04
 1.35807E+00	 1.14340E+04
 1.35757E+00	 1.13010E+04
 1.35706E+00	 1.15980E+04
 1.35655E+00	 1.20320E+04
 1.35605E+00	 1.19620E+04
 1.35554E+00	 1.20740E+04
 1.35504E+00	 1.20820E+04
 1.35453E+00	 1.22360E+04
 1.35403E+00	 1.22660E+04
 1.35353E+00	 1.21740E+04
 1.35302E+00	 1.20750E+04
 1.35252E+00	 1.21660E+04
 1.35202E+00	 1.20560E+04
 1.35151E+00	 1.18000E+04
 1.35101E+00	 1.14300E+04
 1.35051E+00	 1.13850E+04
 1.35001E+00	 1.11870E+04
 1.34951E+00	 1.08670E+04
 1.34901E+00	 1.05500E+04
 1.34851E+00	 1.04480E+04
 1.34801E+00	 1.00900E+04
 1.34751E+00	 9.90700E+03
 1.34701E+00	 9.79500E+03
 1.34651E+00	 9.88400E+03
 1.34602E+00	 9.74700E+03
 1.34552E+00	 9.95600E+03
 1.34502E+00	 1.00200E+04
 1.34452E+00	 1.01210E+04
 1.34403E+00	 1.02810E+04
 1.34353E+00	 1.05430E+04
 1.34303E+00	 1.03340E+04
 1.34254E+00	 1.04570E+04
 1.34204E+00	 1.07120E+04
 1.34155E+00	 1.05510E+04
 1.34106E+00	 1.05820E+04
 1.34056E+00	 1.05260E+04
 1.34007E+00	 1.05900E+04
 1.33957E+00	 1.02890E+04
 1.33908E+00	 1.01400E+04
 1.33859E+00	 1.01350E+04
 1.33810E+00	 9.69600E+03
 1.33760E+00	 9.37100E+03
 1.33711E+00	 9.29400E+03
 1.33662E+00	 9.25500E+03
 1.33613E+00	 8.80100E+03
 1.33564E+00	 8.66500E+03
 1.33515E+00	 8.46700E+03
 1.33466E+00	 8.42800E+03
 1.33417E+00	 8.38000E+03
 1.33368E+00	 8.39400E+03
 1.33319E+00	 8.45800E+03
 1.33271E+00	 8.70700E+03
 1.33222E+00	 8.47400E+03
 1.33173E+00	 8.72700E+03
 1.33124E+00	 8.89500E+03
 1.33076E+00	 8.94000E+03
 1.33027E+00	 9.16900E+03
 1.32978E+00	 9.01800E+03
 1.32930E+00	 9.17700E+03
 1.32881E+00	 9.19400E+03
 1.32833E+00	 9.12700E+03
 1.32784E+00	 8.93800E+03
 1.32736E+00	 8.89200E+03
 1.32688E+00	 8.53700E+03
 1.32639E+00	 8.61400E+03
 1.32591E+00	 8.58200E+03
 1.32543E+00	 8.43900E+03
 1.32494E+00	 8.17700E+03
 1.32446E+00	 7.90000E+03
 1.32398E+00	 7.65200E+03
 1.32350E+00	 7.49400E+03
 1.32302E+00	 7.42000E+03
 1.32254E+00	 7.06200E+03
 1.32206E+00	 7.25900E+03
 1.32158E+00	 7.35000E+03
 1.32110E+00	 7.07100E+03
 1.32062E+00	 7.19900E+03
 1.32014E+00	 7.27500E+03
 1.31966E+00	 7.40500E+03
 1.31918E+00	 7.44400E+03
 1.31870E+00	 7.63500E+03
 1.31822E+00	 7.68200E+03
 1.31775E+00	 7.66400E+03
 1.31727E+00	 7.82500E+03
 1.31679E+00	 7.78800E+03
 1.31632E+00	 7.60200E+03
 1.31584E+00	 7.56800E+03
 1.31537E+00	 7.50000E+03
 1.31489E+00	 7.35900E+03
 1.31442E+00	 7.20400E+03
 1.31394E+00	 6.94100E+03
 1.31347E+00	 6.97400E+03
 1.31299E+00	 6.80800E+03
 1.31252E+00	 6.73200E+03
 1.31205E+00	 6.44700E+03
 1.31157E+00	 6.50400E+03
 1.31110E+00	 6.23700E+03
 1.31063E+00	 6.29200E+03
 1.31016E+00	 6.27600E+03
 1.30969E+00	 6.19500E+03
 1.30921E+00	 6.35200E+03
 1.30874E+00	 6.28800E+03
 1.30827E+00	 6.35800E+03
 1.30780E+00	 6.66000E+03
 1.30733E+00	 6.54600E+03
 1.30686E+00	 6.70100E+03
 1.30639E+00	 6.81900E+03
 1.30593E+00	 6.71700E+03
 1.30546E+00	 6.72300E+03
 1.30499E+00	 6.71500E+03
 1.30452E+00	 6.73500E+03
 1.30405E+00	 6.43200E+03
 1.30359E+00	 6.52900E+03
 1.30312E+00	 6.28500E+03
 1.30265E+00	 6.29000E+03
 1.30219E+00	 6.08800E+03
 1.30172E+00	 5.82300E+03
 1.30126E+00	 5.79400E+03
 1.30079E+00	 5.66600E+03
 1.30033E+00	 5.55500E+03
 1.29986E+00	 5.48600E+03
 1.29940E+00	 5.53100E+03
 1.29893E+00	 5.42500E+03
 1.29847E+00	 5.57600E+03
 1.29801E+00	 5.50000E+03
 1.29754E+00	 5.82700E+03
 1.29708E+00	 5.80900E+03
 1.29662E+00	 5.89100E+03
 1.29616E+00	 5.81600E+03
 1.29570E+00	 5.69600E+03
 1.29524E+00	 5.82100E+03
 1.29477E+00	 5.87400E+03
 1.29431E+00	 5.76100E+03
 1.29385E+00	 5.57200E+03
 1.29339E+00	 5.61800E+03
 1.29293E+00	 5.62200E+03
 1.29248E+00	 5.54600E+03
 1.29202E+00	 5.35500E+03
 1.29156E+00	 5.33600E+03
 1.29110E+00	 5.16800E+03
 1.29064E+00	 5.24600E+03
 1.29018E+00	 4.98200E+03
 1.28973E+00	 5.04000E+03
 1.28927E+00	 4.87200E+03
 1.28881E+00	 4.85800E+03
 1.28836E+00	 4.66000E+03
 1.28790E+00	 4.62000E+03
 1.28745E+00	 4.58100E+03
 1.28699E+00	 4.69100E+03
 1.28654E+00	 4.74000E+03
 1.28608E+00	 4.72900E+03
 1.28563E+00	 4.85900E+03
 1.28517E+00	 4.62700E+03
 1.28472E+00	 5.00400E+03
 1.28427E+00	 5.05900E+03
 1.28381E+00	 5.11100E+03
 1.28336E+00	 4.96400E+03
 1.28291E+00	 4.94800E+03
 1.28246E+00	 4.96900E+03
 1.28200E+00	 4.91600E+03
 1.28155E+00	 4.94800E+03
 1.28110E+00	 4.83900E+03
 1.28065E+00	 4.76200E+03
 1.28020E+00	 4.67700E+03
 1.27975E+00	 4.43500E+03
 1.27930E+00	 4.43900E+03
 1.27885E+00	 4.31900E+03
 1.27840E+00	 4.37200E+03
 1.27795E+00	 4.28400E+03
 1.27750E+00	 4.06400E+03
 1.27706E+00	 4.12900E+03
 1.27661E+00	 4.02700E+03
 1.27616E+00	 4.02400E+03
 1.27571E+00	 3.98900E+03
 1.27527E+00	 4.04000E+03
 1.27482E+00	 4.07600E+03
 1.27437E+00	 4.03800E+03
 1.27393E+00	 3.94800E+03
 1.27348E+00	 4.05500E+03
 1.27304E+00	 4.00700E+03
 1.27259E+00	 4.16600E+03
 1.27215E+00	 4.20400E+03
 1.27170E+00	 4.22200E+03
 1.27126E+00	 4.20200E+03
 1.27081E+00	 4.19600E+03
 1.27037E+00	 4.28900E+03
 1.26993E+00	 4.21900E+03
 1.26948E+00	 4.16400E+03
 1.26904E+00	 4.04200E+03
 1.26860E+00	 4.15900E+03
 1.26816E+00	 4.13200E+03
 1.26771E+00	 4.01300E+03
 1.26727E+00	 3.89300E+03
 1.26683E+00	 3.72500E+03
 1.26639E+00	 3.70700E+03
 1.26595E+00	 3.58700E+03
 1.26551E+00	 3.64300E+03
 1.26507E+00	 3.59600E+03
 1.26463E+00	 3.38300E+03
 1.26419E+00	 3.37000E+03
 1.26375E+00	 3.40800E+03
 1.26331E+00	 3.49500E+03
 1.26287E+00	 3.34700E+03
 1.26244E+00	 3.44700E+03
 1.26200E+00	 3.52300E+03
 1.26156E+00	 3.55900E+03
 1.26112E+00	 3.48000E+03
 1.26069E+00	 3.50900E+03
 1.26025E+00	 3.53900E+03
 1.25981E+00	 3.45200E+03
 1.25938E+00	 3.61800E+03
 1.25894E+00	 3.60100E+03
 1.25851E+00	 3.54100E+03
 1.25807E+00	 3.52400E+03
 1.25764E+00	 3.65500E+03
 1.25720E+00	 3.40100E+03
 1.25677E+00	 3.58100E+03
 1.25634E+00	 3.47800E+03
 1.25590E+00	 3.44000E+03
 1.25547E+00	 3.34700E+03
 1.25504E+00	 3.43800E+03
 1.25460E+00	 3.16800E+03
 1.25417E+00	 3.24800E+03
 1.25374E+00	 3.25300E+03
 1.25331E+00	 3.10600E+03
 1.25288E+00	 3.16500E+03
 1.25244E+00	 3.04900E+03
 1.25201E+00	 3.07000E+03
 1.25158E+00	 2.93700E+03
 1.25115E+00	 2.95500E+03
 1.25072E+00	 2.95500E+03
 1.25029E+00	 2.86200E+03
 1.24986E+00	 2.86600E+03
 1.24943E+00	 2.89000E+03
 1.24901E+00	 2.92700E+03
 1.24858E+00	 2.88000E+03
 1.24815E+00	 3.00200E+03
 1.24772E+00	 2.98900E+03
 1.24729E+00	 2.96200E+03
 1.24687E+00	 2.91300E+03
 1.24644E+00	 2.89900E+03
 1.24601E+00	 2.97900E+03
 1.24559E+00	 3.06100E+03
 1.24516E+00	 3.00100E+03
 1.24473E+00	 2.96600E+03
 1.24431E+00	 2.98300E+03
 1.24388E+00	 2.96000E+03
 1.24346E+00	 2.94900E+03
 1.24303E+00	 2.97700E+03
 1.24261E+00	 2.97000E+03
 1.24219E+00	 2.85400E+03
 1.24176E+00	 2.75500E+03
 1.24134E+00	 2.72600E+03
 1.24092E+00	 2.70600E+03
 1.24049E+00	 2.69900E+03
 1.24007E+00	 2.67500E+03
 1.23965E+00	 2.64000E+03
 1.23923E+00	 2.64600E+03
 1.23880E+00	 2.56300E+03
 1.23838E+00	 2.52600E+03
 1.23796E+00	 2.47100E+03
 1.23754E+00	 2.52400E+03
 1.23712E+00	 2.47600E+03
 1.23670E+00	 2.54600E+03
 1.23628E+00	 2.46700E+03
 1.23586E+00	 2.58900E+03
 1.23544E+00	 2.55900E+03
 1.23502E+00	 2.53000E+03
 1.23460E+00	 2.59500E+03
 1.23418E+00	 2.62900E+03
 1.23376E+00	 2.52500E+03
 1.23335E+00	 2.56800E+03
 1.23293E+00	 2.63600E+03
 1.23251E+00	 2.51800E+03
 1.23209E+00	 2.52400E+03
 1.23168E+00	 2.55500E+03
 1.23126E+00	 2.46800E+03
 1.23084E+00	 2.47800E+03
 1.23043E+00	 2.45400E+03
 1.23001E+00	 2.42400E+03
 1.22960E+00	 2.49100E+03
 1.22918E+00	 2.40000E+03
 1.22877E+00	 2.37300E+03
 1.22835E+00	 2.31600E+03
 1.22794E+00	 2.35200E+03
 1.22752E+00	 2.28500E+03
 1.22711E+00	 2.26600E+03
 1.22670E+00	 2.30800E+03
 1.22628E+00	 2.24100E+03
 1.22587E+00	 2.23000E+03
 1.22546E+00	 2.23400E+03
 1.22505E+00	 2.24500E+03
 1.22463E+00	 2.21900E+03
 1.22422E+00	 2.25200E+03
 1.22381E+00	 2.16400E+03
 1.22340E+00	 2.21800E+03
 1.22299E+00	 2.18200E+03
 1.22258E+00	 2.21100E+03
 1.22217E+00	 2.25200E+03
 1.22176E+00	 2.18900E+03
 1.22135E+00	 2.20700E+03
 1.22094E+00	 2.26600E+03
 1.22053E+00	 2.20000E+03
 1.22012E+00	 2.21900E+03
 1.21971E+00	 2.23700E+03
 1.21930E+00	 2.28000E+03
 1.21890E+00	 2.20400E+03
 1.21849E+00	 2.26800E+03
 1.21808E+00	 2.16600E+03
 1.21767E+00	 2.21300E+03
 1.21727E+00	 2.17000E+03
 1.21686E+00	 2.15700E+03
 1.21645E+00	 2.16500E+03
 1.21605E+00	 2.10100E+03
 1.21564E+00	 2.11300E+03
 1.21523E+00	 2.11500E+03
 1.21483E+00	 2.07500E+03
 1.21442E+00	 2.07600E+03
 1.21402E+00	 2.03500E+03
 1.21361E+00	 2.04800E+03
 1.21321E+00	 1.96900E+03
 1.21281E+00	 1.96800E+03
 1.21240E+00	 2.02100E+03
 1.21200E+00	 2.01200E+03
 1.21160E+00	 1.96100E+03
 1.21119E+00	 2.04300E+03
 1.21079E+00	 1.99000E+03
 1.21039E+00	 2.03400E+03
 1.20999E+00	 2.02600E+03
 1.20958E+00	 2.00000E+03
 1.20918E+00	 2.08200E+03
 1.20878E+00	 2.06000E+03
 1.20838E+00	 2.03700E+03
 1.20798E+00	 2.01300E+03
 1.20758E+00	 2.01200E+03
 1.20718E+00	 1.99000E+03
 1.20678E+00	 1.99700E+03
 1.20638E+00	 1.95800E+03
 1.20598E+00	 1.95900E+03
 1.20558E+00	 1.96300E+03
 1.20518E+00	 1.90800E+03
 1.20478E+00	 1.90000E+03
 1.20439E+00	 1.90600E+03
 1.20399E+00	 1.94100E+03
 1.20359E+00	 1.90400E+03
 1.20319E+00	 1.84600E+03
 1.20280E+00	 1.90200E+03
 1.20240E+00	 1.83300E+03
 1.20200E+00	 1.88000E+03
 1.20161E+00	 1.86700E+03
 1.20121E+00	 1.86800E+03
 1.20081E+00	 1.87500E+03
 1.20042E+00	 1.89700E+03
 1.20002E+00	 1.86000E+03
 1.19963E+00	 1.86300E+03
 1.19923E+00	 1.85400E+03
 1.19884E+00	 1.85000E+03
 1.19844E+00	 1.85800E+03
 1.19805E+00	 1.87300E+03
 1.19766E+00	 1.86900E+03
 1.19726E+00	 1.89200E+03
 1.19687E+00	 1.84900E+03
 1.19648E+00	 1.84100E+03
 1.19608E+00	 1.85200E+03
 1.19569E+00	 1.82000E+03
 1.19530E+00	 1.85000E+03
 1.19491E+00	 1.84000E+03
 1.19452E+00	 1.83800E+03
 1.19413E+00	 1.81600E+03
 1.19373E+00	 1.79800E+03
 1.19334E+00	 1.77000E+03
 1.19295E+00	 1.79100E+03
 1.19256E+00	 1.76800E+03
 1.19217E+00	 1.79500E+03
 1.19178E+00	 1.77900E+03
 1.19139E+00	 1.77000E+03
 1.19100E+00	 1.76000E+03
 1.19062E+00	 1.76200E+03
 1.19023E+00	 1.77600E+03
 1.18984E+00	 1.75700E+03
 1.18945E+00	 1.74900E+03
 1.18906E+00	 1.75900E+03
 1.18868E+00	 1.74500E+03
 1.18829E+00	 1.78200E+03
 1.18790E+00	 1.76100E+03
 1.18751E+00	 1.76500E+03
 1.18713E+00	 1.76100E+03
 1.18674E+00	 1.77400E+03
 1.18636E+00	 1.77000E+03
 1.18597E+00	 1.75200E+03
 1.18558E+00	 1.77300E+03
 1.18520E+00	 1.74300E+03
 1.18481E+00	 1.78300E+03
 1.18443E+00	 1.75600E+03
 1.18404E+00	 1.75200E+03
 1.18366E+00	 1.73600E+03
 1.18328E+00	 1.71500E+03
 1.18289E+00	 1.72100E+03
 1.18251E+00	 1.71000E+03
 1.18213E+00	 1.72000E+03
 1.18174E+00	 1.71200E+03
 1.18136E+00	 1.70100E+03
 1.18098E+00	 1.68900E+03
 1.18060E+00	 1.71600E+03
 1.18021E+00	 1.70300E+03
 1.17983E+00	 1.70900E+03
 1.17945E+00	 1.69900E+03
 1.17907E+00	 1.71000E+03
 1.17869E+00	 1.71700E+03
 1.17831E+00	 1.69600E+03
 1.17793E+00	 1.72000E+03
 1.17755E+00	 1.71300E+03
 1.17717E+00	 1.68800E+03
 1.17679E+00	 1.69200E+03
 1.17641E+00	 1.71300E+03
 1.17603E+00	 1.73900E+03
 1.17565E+00	 1.69300E+03
 1.17527E+00	 1.72400E+03
 1.17490E+00	 1.70100E+03
 1.17452E+00	 1.71800E+03
 1.17414E+00	 1.73300E+03
 1.17376E+00	 1.69500E+03
 1.17339E+00	 1.69000E+03
 1.17301E+00	 1.69700E+03
 1.17263E+00	 1.68500E+03
 1.17226E+00	 1.69700E+03
 1.17188E+00	 1.68000E+03
 1.17150E+00	 1.70200E+03
 1.17113E+00	 1.67500E+03
 1.17075E+00	 1.66700E+03
 1.17038E+00	 1.68000E+03
 1.17000E+00	 1.68000E+03
 1.16963E+00	 1.67800E+03
 1.16925E+00	 1.66600E+03
 1.16888E+00	 1.67400E+03
 1.16851E+00	 1.67300E+03
 1.16813E+00	 1.66300E+03
 1.16776E+00	 1.65200E+03
 1.16739E+00	 1.66300E+03
 1.16701E+00	 1.68600E+03
 1.16664E+00	 1.66400E+03
 1.16627E+00	 1.66200E+03
 1.16590E+00	 1.68000E+03
 1.16553E+00	 1.65900E+03
 1.16515E+00	 1.68100E+03
 1.16478E+00	 1.65600E+03
 1.16441E+00	 1.67200E+03
 1.16404E+00	 1.68500E+03
 1.16367E+00	 1.68900E+03
 1.16330E+00	 1.66000E+03
 1.16293E+00	 1.65600E+03
 1.16256E+00	 1.66500E+03
