 2.39639E+00	 1.61700E+03
 2.39477E+00	 1.61400E+03
 2.39316E+00	 1.61100E+03
 2.39155E+00	 1.61600E+03
 2.38994E+00	 1.61600E+03
 2.38833E+00	 1.61700E+03
 2.38673E+00	 1.61100E+03
 2.38513E+00	 1.62200E+03
 2.38353E+00	 1.60800E+03
 2.38193E+00	 1.61000E+03
 2.38033E+00	 1.61500E+03
 2.37874E+00	 1.61100E+03
 2.37715E+00	 1.60900E+03
 2.37556E+00	 1.62300E+03
 2.37397E+00	 1.60700E+03
 2.37239E+00	 1.60800E+03
 2.37081E+00	 1.61000E+03
 2.36923E+00	 1.61000E+03
 2.36765E+00	 1.61100E+03
 2.36607E+00	 1.61100E+03
 2.36450E+00	 1.62300E+03
 2.36293E+00	 1.61100E+03
 2.36136E+00	 1.61200E+03
 2.35979E+00	 1.60700E+03
 2.35823E+00	 1.61100E+03
 2.35666E+00	 1.60600E+03
 2.35510E+00	 1.61400E+03
 2.35354E+00	 1.61200E+03
 2.35199E+00	 1.61000E+03
 2.35043E+00	 1.60900E+03
 2.34888E+00	 1.61200E+03
 2.34733E+00	 1.61700E+03
 2.34578E+00	 1.61400E+03
 2.34423E+00	 1.61000E+03
 2.34269E+00	 1.61000E+03
 2.34115E+00	 1.61500E+03
 2.33961E+00	 1.61200E+03
 2.33807E+00	 1.61300E+03
 2.33653E+00	 1.61000E+03
 2.33500E+00	 1.60800E+03
 2.33347E+00	 1.61500E+03
 2.33194E+00	 1.60500E+03
 2.33041E+00	 1.60900E+03
 2.32889E+00	 1.61500E+03
 2.32736E+00	 1.61200E+03
 2.32584E+00	 1.61800E+03
 2.32432E+00	 1.65200E+03
 2.32280E+00	 1.74600E+03
 2.32129E+00	 1.86000E+03
 2.31978E+00	 1.93400E+03
 2.31826E+00	 1.92000E+03
 2.31675E+00	 1.88500E+03
 2.31525E+00	 1.87100E+03
 2.31374E+00	 1.87000E+03
 2.31224E+00	 1.84300E+03
 2.31074E+00	 1.87000E+03
 2.30924E+00	 1.89500E+03
 2.30774E+00	 1.85400E+03
 2.30625E+00	 1.85300E+03
 2.30475E+00	 1.85400E+03
 2.30326E+00	 1.87400E+03
 2.30177E+00	 1.94300E+03
 2.30028E+00	 1.97000E+03
 2.29880E+00	 2.00400E+03
 2.29731E+00	 2.05800E+03
 2.29583E+00	 2.14100E+03
 2.29435E+00	 2.22600E+03
 2.29288E+00	 2.42400E+03
 2.29140E+00	 2.44600E+03
 2.28993E+00	 2.52400E+03
 2.28845E+00	 2.90600E+03
 2.28698E+00	 3.47400E+03
 2.28552E+00	 3.34500E+03
 2.28405E+00	 2.77500E+03
 2.28259E+00	 2.44900E+03
 2.28112E+00	 2.27300E+03
 2.27966E+00	 2.04200E+03
 2.27820E+00	 2.00800E+03
 2.27675E+00	 1.97800E+03
 2.27529E+00	 1.99200E+03
 2.27384E+00	 1.96000E+03
 2.27239E+00	 1.98800E+03
 2.27094E+00	 1.95000E+03
 2.26949E+00	 1.90000E+03
 2.26805E+00	 1.91100E+03
 2.26661E+00	 1.89900E+03
 2.26516E+00	 1.91800E+03
 2.26372E+00	 1.93500E+03
 2.26229E+00	 1.96600E+03
 2.26085E+00	 1.93700E+03
 2.25942E+00	 1.95600E+03
 2.25798E+00	 1.96300E+03
 2.25655E+00	 2.00200E+03
 2.25513E+00	 2.03800E+03
 2.25370E+00	 2.10200E+03
 2.25227E+00	 2.15400E+03
 2.25085E+00	 2.09800E+03
 2.24943E+00	 2.19100E+03
 2.24801E+00	 2.24500E+03
 2.24659E+00	 2.23900E+03
 2.24518E+00	 2.43800E+03
 2.24376E+00	 2.48800E+03
 2.24235E+00	 2.46400E+03
 2.24094E+00	 2.29300E+03
 2.23953E+00	 2.28100E+03
 2.23813E+00	 2.11900E+03
 2.23672E+00	 2.05500E+03
 2.23532E+00	 2.00400E+03
 2.23392E+00	 1.99100E+03
 2.23252E+00	 1.98500E+03
 2.23112E+00	 1.95900E+03
 2.22972E+00	 1.99500E+03
 2.22833E+00	 1.94400E+03
 2.22694E+00	 1.99900E+03
 2.22555E+00	 1.92100E+03
 2.22416E+00	 1.96900E+03
 2.22277E+00	 1.95600E+03
 2.22139E+00	 1.96100E+03
 2.22000E+00	 1.94700E+03
 2.21862E+00	 1.95500E+03
 2.21724E+00	 1.96200E+03
 2.21586E+00	 1.98900E+03
 2.21449E+00	 1.95300E+03
 2.21311E+00	 1.95500E+03
 2.21174E+00	 2.05300E+03
 2.21037E+00	 2.04200E+03
 2.20900E+00	 2.04800E+03
 2.20763E+00	 2.06600E+03
 2.20626E+00	 2.08800E+03
 2.20490E+00	 2.06900E+03
 2.20354E+00	 2.14800E+03
 2.20218E+00	 2.13100E+03
 2.20082E+00	 2.18800E+03
 2.19946E+00	 2.12500E+03
 2.19810E+00	 2.09000E+03
 2.19675E+00	 2.13800E+03
 2.19540E+00	 2.04100E+03
 2.19405E+00	 2.04700E+03
 2.19270E+00	 2.01700E+03
 2.19135E+00	 1.97800E+03
 2.19000E+00	 1.96400E+03
 2.18866E+00	 1.98700E+03
 2.18732E+00	 1.93900E+03
 2.18598E+00	 1.94900E+03
 2.18464E+00	 1.92200E+03
 2.18330E+00	 1.97000E+03
 2.18196E+00	 1.98700E+03
 2.18063E+00	 1.96900E+03
 2.17930E+00	 1.98900E+03
 2.17797E+00	 1.99600E+03
 2.17664E+00	 1.97200E+03
 2.17531E+00	 1.93800E+03
 2.17398E+00	 1.96300E+03
 2.17266E+00	 1.95800E+03
 2.17134E+00	 1.94800E+03
 2.17002E+00	 1.97200E+03
 2.16870E+00	 1.96700E+03
 2.16738E+00	 1.98500E+03
 2.16606E+00	 1.99000E+03
 2.16475E+00	 2.04800E+03
 2.16344E+00	 2.03000E+03
 2.16213E+00	 1.97800E+03
 2.16082E+00	 2.03400E+03
 2.15951E+00	 2.04000E+03
 2.15820E+00	 2.03800E+03
 2.15690E+00	 2.05300E+03
 2.15559E+00	 2.05800E+03
 2.15429E+00	 2.02800E+03
 2.15299E+00	 2.02200E+03
 2.15169E+00	 2.05800E+03
 2.15040E+00	 2.02500E+03
 2.14910E+00	 2.00800E+03
 2.14781E+00	 1.99500E+03
 2.14652E+00	 1.95000E+03
 2.14523E+00	 1.96900E+03
 2.14394E+00	 1.98300E+03
 2.14265E+00	 1.98200E+03
 2.14136E+00	 1.96900E+03
 2.14008E+00	 1.98700E+03
 2.13880E+00	 1.99500E+03
 2.13752E+00	 2.03200E+03
 2.13624E+00	 1.97300E+03
 2.13496E+00	 2.01700E+03
 2.13368E+00	 2.00900E+03
 2.13241E+00	 2.05200E+03
 2.13113E+00	 2.01700E+03
 2.12986E+00	 2.01800E+03
 2.12859E+00	 2.02600E+03
 2.12732E+00	 2.05300E+03
 2.12606E+00	 2.01700E+03
 2.12479E+00	 2.04900E+03
 2.12353E+00	 2.04400E+03
 2.12226E+00	 2.03300E+03
 2.12100E+00	 2.04700E+03
 2.11974E+00	 2.07400E+03
 2.11848E+00	 2.07600E+03
 2.11723E+00	 2.05600E+03
 2.11597E+00	 2.09700E+03
 2.11472E+00	 2.08500E+03
 2.11347E+00	 2.07200E+03
 2.11222E+00	 2.12700E+03
 2.11097E+00	 2.06700E+03
 2.10972E+00	 2.11200E+03
 2.10848E+00	 2.07400E+03
 2.10723E+00	 2.02900E+03
 2.10599E+00	 2.08900E+03
 2.10475E+00	 2.10400E+03
 2.10351E+00	 2.04700E+03
 2.10227E+00	 2.05900E+03
 2.10103E+00	 2.07100E+03
 2.09979E+00	 2.08000E+03
 2.09856E+00	 2.06800E+03
 2.09733E+00	 2.05100E+03
 2.09610E+00	 2.10600E+03
 2.09487E+00	 2.12500E+03
 2.09364E+00	 2.11100E+03
 2.09241E+00	 2.17800E+03
 2.09119E+00	 2.08600E+03
 2.08996E+00	 2.19200E+03
 2.08874E+00	 2.13400E+03
 2.08752E+00	 2.13800E+03
 2.08630E+00	 2.13500E+03
 2.08508E+00	 2.15500E+03
 2.08387E+00	 2.17600E+03
 2.08265E+00	 2.19700E+03
 2.08144E+00	 2.16700E+03
 2.08022E+00	 2.19300E+03
 2.07901E+00	 2.19700E+03
 2.07780E+00	 2.17000E+03
 2.07660E+00	 2.25200E+03
 2.07539E+00	 2.21400E+03
 2.07418E+00	 2.24000E+03
 2.07298E+00	 2.25400E+03
 2.07178E+00	 2.25100E+03
 2.07058E+00	 2.29000E+03
 2.06938E+00	 2.26300E+03
 2.06818E+00	 2.27500E+03
 2.06698E+00	 2.26600E+03
 2.06579E+00	 2.30200E+03
 2.06459E+00	 2.29100E+03
 2.06340E+00	 2.29900E+03
 2.06221E+00	 2.36300E+03
 2.06102E+00	 2.32600E+03
 2.05983E+00	 2.33600E+03
 2.05864E+00	 2.31100E+03
 2.05746E+00	 2.34000E+03
 2.05627E+00	 2.40200E+03
 2.05509E+00	 2.31000E+03
 2.05391E+00	 2.36300E+03
 2.05273E+00	 2.30800E+03
 2.05155E+00	 2.37200E+03
 2.05037E+00	 2.38100E+03
 2.04920E+00	 2.43900E+03
 2.04802E+00	 2.38600E+03
 2.04685E+00	 2.43700E+03
 2.04568E+00	 2.45400E+03
 2.04451E+00	 2.44200E+03
 2.04334E+00	 2.45100E+03
 2.04217E+00	 2.47300E+03
 2.04100E+00	 2.50400E+03
 2.03984E+00	 2.48700E+03
 2.03868E+00	 2.52500E+03
 2.03751E+00	 2.50600E+03
 2.03635E+00	 2.56100E+03
 2.03519E+00	 2.58100E+03
 2.03403E+00	 2.55800E+03
 2.03288E+00	 2.58200E+03
 2.03172E+00	 2.65100E+03
 2.03057E+00	 2.55300E+03
 2.02941E+00	 2.63100E+03
 2.02826E+00	 2.73500E+03
 2.02711E+00	 2.63500E+03
 2.02596E+00	 2.68000E+03
 2.02482E+00	 2.64200E+03
 2.02367E+00	 2.72000E+03
 2.02252E+00	 2.62900E+03
 2.02138E+00	 2.74300E+03
 2.02024E+00	 2.73800E+03
 2.01910E+00	 2.83000E+03
 2.01796E+00	 2.73300E+03
 2.01682E+00	 2.85500E+03
 2.01568E+00	 2.87100E+03
 2.01454E+00	 2.84400E+03
 2.01341E+00	 2.89300E+03
 2.01228E+00	 2.82300E+03
 2.01114E+00	 2.90600E+03
 2.01001E+00	 2.86200E+03
 2.00888E+00	 2.90300E+03
 2.00776E+00	 2.89900E+03
 2.00663E+00	 3.02700E+03
 2.00550E+00	 2.91700E+03
 2.00438E+00	 3.01700E+03
 2.00326E+00	 2.96800E+03
 2.00213E+00	 3.10800E+03
 2.00101E+00	 3.03300E+03
 1.99989E+00	 3.12400E+03
 1.99878E+00	 3.08600E+03
 1.99766E+00	 3.15600E+03
 1.99654E+00	 3.14300E+03
 1.99543E+00	 3.18400E+03
 1.99432E+00	 3.21800E+03
 1.99321E+00	 3.27800E+03
 1.99210E+00	 3.31500E+03
 1.99099E+00	 3.20800E+03
 1.98988E+00	 3.19000E+03
 1.98877E+00	 3.23600E+03
 1.98767E+00	 3.29500E+03
 1.98656E+00	 3.43400E+03
 1.98546E+00	 3.36400E+03
 1.98436E+00	 3.34900E+03
 1.98326E+00	 3.56900E+03
 1.98216E+00	 3.34300E+03
 1.98106E+00	 3.37700E+03
 1.97996E+00	 3.42100E+03
 1.97887E+00	 3.53000E+03
 1.97777E+00	 3.60800E+03
 1.97668E+00	 3.52900E+03
 1.97559E+00	 3.55800E+03
 1.97450E+00	 3.62400E+03
 1.97341E+00	 3.70100E+03
 1.97232E+00	 3.63000E+03
 1.97123E+00	 3.71400E+03
 1.97015E+00	 3.74700E+03
 1.96906E+00	 3.74900E+03
 1.96798E+00	 3.89600E+03
 1.96690E+00	 3.85500E+03
 1.96582E+00	 3.90700E+03
 1.96474E+00	 3.93000E+03
 1.96366E+00	 3.92100E+03
 1.96258E+00	 3.97700E+03
 1.96151E+00	 3.98300E+03
 1.96043E+00	 4.01100E+03
 1.95936E+00	 4.12900E+03
 1.95829E+00	 4.20100E+03
 1.95721E+00	 4.22900E+03
 1.95614E+00	 4.24200E+03
 1.95507E+00	 4.39200E+03
 1.95401E+00	 4.27200E+03
 1.95294E+00	 4.27000E+03
 1.95188E+00	 4.34600E+03
 1.95081E+00	 4.38100E+03
 1.94975E+00	 4.37400E+03
 1.94869E+00	 4.34100E+03
 1.94763E+00	 4.62400E+03
 1.94657E+00	 4.55200E+03
 1.94551E+00	 4.51500E+03
 1.94445E+00	 4.58400E+03
 1.94339E+00	 4.61900E+03
 1.94234E+00	 4.58200E+03
 1.94129E+00	 4.85500E+03
 1.94023E+00	 4.79700E+03
 1.93918E+00	 4.73000E+03
 1.93813E+00	 4.78300E+03
 1.93708E+00	 4.81300E+03
 1.93604E+00	 4.83800E+03
 1.93499E+00	 5.06400E+03
 1.93394E+00	 5.06200E+03
 1.93290E+00	 5.12600E+03
 1.93186E+00	 5.13000E+03
 1.93081E+00	 5.09700E+03
 1.92977E+00	 5.33200E+03
 1.92873E+00	 5.27900E+03
 1.92769E+00	 5.34400E+03
 1.92666E+00	 5.43100E+03
 1.92562E+00	 5.48900E+03
 1.92459E+00	 5.38900E+03
 1.92355E+00	 5.51100E+03
 1.92252E+00	 5.56000E+03
 1.92149E+00	 5.66600E+03
 1.92046E+00	 5.84300E+03
 1.91943E+00	 5.71300E+03
 1.91840E+00	 5.71900E+03
 1.91737E+00	 5.76800E+03
 1.91634E+00	 5.94400E+03
 1.91532E+00	 5.83800E+03
 1.91429E+00	 5.82800E+03
 1.91327E+00	 5.98400E+03
 1.91225E+00	 6.08900E+03
 1.91123E+00	 6.17500E+03
 1.91021E+00	 6.14200E+03
 1.90919E+00	 6.26600E+03
 1.90817E+00	 6.35100E+03
 1.90716E+00	 6.32300E+03
 1.90614E+00	 6.55800E+03
 1.90513E+00	 6.64700E+03
 1.90412E+00	 6.57000E+03
 1.90310E+00	 6.56100E+03
 1.90209E+00	 6.69800E+03
 1.90108E+00	 6.67200E+03
 1.90007E+00	 6.84300E+03
 1.89907E+00	 7.04100E+03
 1.89806E+00	 7.05000E+03
 1.89706E+00	 7.08400E+03
 1.89605E+00	 7.16600E+03
 1.89505E+00	 7.28200E+03
 1.89405E+00	 7.26900E+03
 1.89304E+00	 7.27200E+03
 1.89204E+00	 7.36800E+03
 1.89105E+00	 7.38600E+03
 1.89005E+00	 7.57900E+03
 1.88905E+00	 7.41900E+03
 1.88806E+00	 7.62500E+03
 1.88706E+00	 7.64500E+03
 1.88607E+00	 7.77400E+03
 1.88508E+00	 7.90400E+03
 1.88408E+00	 7.84700E+03
 1.88309E+00	 7.87900E+03
 1.88210E+00	 7.96100E+03
 1.88112E+00	 8.12000E+03
 1.88013E+00	 8.11600E+03
 1.87914E+00	 8.28100E+03
 1.87816E+00	 8.35500E+03
 1.87717E+00	 8.42800E+03
 1.87619E+00	 8.51100E+03
 1.87521E+00	 8.36800E+03
 1.87423E+00	 8.69200E+03
 1.87325E+00	 8.75700E+03
 1.87227E+00	 8.92700E+03
 1.87129E+00	 8.71600E+03
 1.87032E+00	 8.96300E+03
 1.86934E+00	 8.93200E+03
 1.86837E+00	 9.09800E+03
 1.86739E+00	 9.17100E+03
 1.86642E+00	 9.15100E+03
 1.86545E+00	 9.37700E+03
 1.86448E+00	 9.32600E+03
 1.86351E+00	 9.65000E+03
 1.86254E+00	 9.68000E+03
 1.86157E+00	 9.55600E+03
 1.86061E+00	 9.72400E+03
 1.85964E+00	 9.90400E+03
 1.85868E+00	 9.89200E+03
 1.85771E+00	 9.93300E+03
 1.85675E+00	 1.01480E+04
 1.85579E+00	 1.02780E+04
 1.85483E+00	 1.03330E+04
 1.85387E+00	 1.05240E+04
 1.85291E+00	 1.06700E+04
 1.85195E+00	 1.04010E+04
 1.85100E+00	 1.08310E+04
 1.85004E+00	 1.09180E+04
 1.84909E+00	 1.08910E+04
 1.84814E+00	 1.09300E+04
 1.84718E+00	 1.10960E+04
 1.84623E+00	 1.11580E+04
 1.84528E+00	 1.12520E+04
 1.84433E+00	 1.15440E+04
 1.84338E+00	 1.16280E+04
 1.84244E+00	 1.17400E+04
 1.84149E+00	 1.17110E+04
 1.84055E+00	 1.19550E+04
 1.83960E+00	 1.18720E+04
 1.83866E+00	 1.18410E+04
 1.83772E+00	 1.20360E+04
 1.83678E+00	 1.22000E+04
 1.83584E+00	 1.22560E+04
 1.83490E+00	 1.23440E+04
 1.83396E+00	 1.26770E+04
 1.83302E+00	 1.28190E+04
 1.83208E+00	 1.29330E+04
 1.83115E+00	 1.29210E+04
 1.83021E+00	 1.30390E+04
 1.82928E+00	 1.30590E+04
 1.82835E+00	 1.32540E+04
 1.82742E+00	 1.32210E+04
 1.82649E+00	 1.33470E+04
 1.82556E+00	 1.35160E+04
 1.82463E+00	 1.33910E+04
 1.82370E+00	 1.36080E+04
 1.82277E+00	 1.38780E+04
 1.82185E+00	 1.40400E+04
 1.82092E+00	 1.37750E+04
 1.82000E+00	 1.43210E+04
 1.81908E+00	 1.42330E+04
 1.81816E+00	 1.41470E+04
 1.81723E+00	 1.42990E+04
 1.81631E+00	 1.45810E+04
 1.81540E+00	 1.47170E+04
 1.81448E+00	 1.47860E+04
 1.81356E+00	 1.48400E+04
 1.81264E+00	 1.50130E+04
 1.81173E+00	 1.50070E+04
 1.81081E+00	 1.51770E+04
 1.80990E+00	 1.51710E+04
 1.80899E+00	 1.56770E+04
 1.80808E+00	 1.55570E+04
 1.80717E+00	 1.56880E+04
 1.80626E+00	 1.55370E+04
 1.80535E+00	 1.57870E+04
 1.80444E+00	 1.59830E+04
 1.80353E+00	 1.62670E+04
 1.80263E+00	 1.62030E+04
 1.80172E+00	 1.64960E+04
 1.80082E+00	 1.62810E+04
 1.79992E+00	 1.64810E+04
 1.79902E+00	 1.67740E+04
 1.79811E+00	 1.69430E+04
 1.79721E+00	 1.70000E+04
 1.79631E+00	 1.70110E+04
 1.79542E+00	 1.71390E+04
 1.79452E+00	 1.72080E+04
 1.79362E+00	 1.73570E+04
 1.79273E+00	 1.77110E+04
 1.79183E+00	 1.76820E+04
 1.79094E+00	 1.77230E+04
 1.79004E+00	 1.78780E+04
 1.78915E+00	 1.81610E+04
 1.78826E+00	 1.83080E+04
 1.78737E+00	 1.84050E+04
 1.78648E+00	 1.84540E+04
 1.78559E+00	 1.83950E+04
 1.78471E+00	 1.85350E+04
 1.78382E+00	 1.85330E+04
 1.78293E+00	 1.85330E+04
 1.78205E+00	 1.87220E+04
 1.78117E+00	 1.88340E+04
 1.78028E+00	 1.91090E+04
 1.77940E+00	 1.88030E+04
 1.77852E+00	 1.92730E+04
 1.77764E+00	 1.91240E+04
 1.77676E+00	 1.96250E+04
 1.77588E+00	 1.98770E+04
 1.77500E+00	 1.98100E+04
 1.77413E+00	 1.99650E+04
 1.77325E+00	 2.00280E+04
 1.77238E+00	 1.98690E+04
 1.77150E+00	 2.00360E+04
 1.77063E+00	 2.02270E+04
 1.76976E+00	 2.06730E+04
 1.76889E+00	 2.03670E+04
 1.76801E+00	 2.07030E+04
 1.76714E+00	 2.10030E+04
 1.76628E+00	 2.11640E+04
 1.76541E+00	 2.13650E+04
 1.76454E+00	 2.17770E+04
 1.76368E+00	 2.14990E+04
 1.76281E+00	 2.14650E+04
 1.76195E+00	 2.19370E+04
 1.76108E+00	 2.16940E+04
 1.76022E+00	 2.21770E+04
 1.75936E+00	 2.20160E+04
 1.75850E+00	 2.24070E+04
 1.75764E+00	 2.25540E+04
 1.75678E+00	 2.23740E+04
 1.75592E+00	 2.25210E+04
 1.75506E+00	 2.27390E+04
 1.75420E+00	 2.27700E+04
 1.75335E+00	 2.28950E+04
 1.75249E+00	 2.31830E+04
 1.75164E+00	 2.31130E+04
 1.75079E+00	 2.33630E+04
 1.74993E+00	 2.35080E+04
 1.74908E+00	 2.33060E+04
 1.74823E+00	 2.35210E+04
 1.74738E+00	 2.36920E+04
 1.74653E+00	 2.37300E+04
 1.74569E+00	 2.40830E+04
 1.74484E+00	 2.43070E+04
 1.74399E+00	 2.40320E+04
 1.74315E+00	 2.43960E+04
 1.74230E+00	 2.45300E+04
 1.74146E+00	 2.47060E+04
 1.74061E+00	 2.45310E+04
 1.73977E+00	 2.46850E+04
 1.73893E+00	 2.48310E+04
 1.73809E+00	 2.50100E+04
 1.73725E+00	 2.52080E+04
 1.73641E+00	 2.51650E+04
 1.73557E+00	 2.55540E+04
 1.73474E+00	 2.54530E+04
 1.73390E+00	 2.61150E+04
 1.73306E+00	 2.62300E+04
 1.73223E+00	 2.63420E+04
 1.73140E+00	 2.63630E+04
 1.73056E+00	 2.67090E+04
 1.72973E+00	 2.65230E+04
 1.72890E+00	 2.68130E+04
 1.72807E+00	 2.69790E+04
 1.72724E+00	 2.70760E+04
 1.72641E+00	 2.70010E+04
 1.72558E+00	 2.69030E+04
 1.72475E+00	 2.71640E+04
 1.72393E+00	 2.71120E+04
 1.72310E+00	 2.72330E+04
 1.72228E+00	 2.74140E+04
 1.72145E+00	 2.75170E+04
 1.72063E+00	 2.81440E+04
 1.71981E+00	 2.79890E+04
 1.71898E+00	 2.79200E+04
 1.71816E+00	 2.84190E+04
 1.71734E+00	 2.81530E+04
 1.71652E+00	 2.85880E+04
 1.71571E+00	 2.85970E+04
 1.71489E+00	 2.86560E+04
 1.71407E+00	 2.85620E+04
 1.71326E+00	 2.89390E+04
 1.71244E+00	 2.89240E+04
 1.71163E+00	 2.91770E+04
 1.71081E+00	 2.93980E+04
 1.71000E+00	 2.92340E+04
 1.70919E+00	 2.92500E+04
 1.70838E+00	 2.97010E+04
 1.70756E+00	 3.00360E+04
 1.70676E+00	 2.99700E+04
 1.70595E+00	 3.03080E+04
 1.70514E+00	 3.04990E+04
 1.70433E+00	 3.06710E+04
 1.70352E+00	 3.02920E+04
 1.70272E+00	 3.08660E+04
 1.70191E+00	 3.02930E+04
 1.70111E+00	 3.05550E+04
 1.70031E+00	 3.07140E+04
 1.69950E+00	 3.05490E+04
 1.69870E+00	 3.05210E+04
 1.69790E+00	 3.07450E+04
 1.69710E+00	 3.11110E+04
 1.69630E+00	 3.12640E+04
 1.69550E+00	 3.20250E+04
 1.69470E+00	 3.17260E+04
 1.69391E+00	 3.18270E+04
 1.69311E+00	 3.22300E+04
 1.69231E+00	 3.20450E+04
 1.69152E+00	 3.25070E+04
 1.69073E+00	 3.21510E+04
 1.68993E+00	 3.24690E+04
 1.68914E+00	 3.23050E+04
 1.68835E+00	 3.24850E+04
 1.68756E+00	 3.24560E+04
 1.68677E+00	 3.23930E+04
 1.68598E+00	 3.29570E+04
 1.68519E+00	 3.30410E+04
 1.68440E+00	 3.34820E+04
 1.68361E+00	 3.37060E+04
 1.68283E+00	 3.36210E+04
 1.68204E+00	 3.39340E+04
 1.68125E+00	 3.40160E+04
 1.68047E+00	 3.37440E+04
 1.67969E+00	 3.34720E+04
 1.67890E+00	 3.36470E+04
 1.67812E+00	 3.33510E+04
 1.67734E+00	 3.36510E+04
 1.67656E+00	 3.37650E+04
 1.67578E+00	 3.37710E+04
 1.67500E+00	 3.39360E+04
 1.67422E+00	 3.43070E+04
 1.67345E+00	 3.47090E+04
 1.67267E+00	 3.47080E+04
 1.67189E+00	 3.50200E+04
 1.67112E+00	 3.51990E+04
 1.67034E+00	 3.50960E+04
 1.66957E+00	 3.51810E+04
 1.66880E+00	 3.52210E+04
 1.66802E+00	 3.51500E+04
 1.66725E+00	 3.55240E+04
 1.66648E+00	 3.50530E+04
 1.66571E+00	 3.48390E+04
 1.66494E+00	 3.50390E+04
 1.66417E+00	 3.53150E+04
 1.66341E+00	 3.55580E+04
 1.66264E+00	 3.62020E+04
 1.66187E+00	 3.62850E+04
 1.66111E+00	 3.62690E+04
 1.66034E+00	 3.65090E+04
 1.65958E+00	 3.68600E+04
 1.65881E+00	 3.67100E+04
 1.65805E+00	 3.66660E+04
 1.65729E+00	 3.67340E+04
 1.65653E+00	 3.68590E+04
 1.65577E+00	 3.66530E+04
 1.65501E+00	 3.67670E+04
 1.65425E+00	 3.68220E+04
 1.65349E+00	 3.70400E+04
 1.65273E+00	 3.70210E+04
 1.65197E+00	 3.69600E+04
 1.65122E+00	 3.76480E+04
 1.65046E+00	 3.79060E+04
 1.64971E+00	 3.81500E+04
 1.64895E+00	 3.85030E+04
 1.64820E+00	 3.84220E+04
 1.64744E+00	 3.86930E+04
 1.64669E+00	 3.83060E+04
 1.64594E+00	 3.89690E+04
 1.64519E+00	 3.90010E+04
 1.64444E+00	 3.90560E+04
 1.64369E+00	 3.87370E+04
 1.64294E+00	 3.83340E+04
 1.64219E+00	 3.85690E+04
 1.64145E+00	 3.86160E+04
 1.64070E+00	 3.83570E+04
 1.63996E+00	 3.87910E+04
 1.63921E+00	 3.84600E+04
 1.63847E+00	 3.87430E+04
 1.63772E+00	 3.96610E+04
 1.63698E+00	 3.94900E+04
 1.63624E+00	 3.98030E+04
 1.63549E+00	 3.98650E+04
 1.63475E+00	 3.97100E+04
 1.63401E+00	 3.99370E+04
 1.63327E+00	 3.98570E+04
 1.63254E+00	 3.95920E+04
 1.63180E+00	 3.95880E+04
 1.63106E+00	 3.96780E+04
 1.63032E+00	 3.97620E+04
 1.62959E+00	 3.93930E+04
 1.62885E+00	 3.94560E+04
 1.62812E+00	 3.94180E+04
 1.62738E+00	 3.94380E+04
 1.62665E+00	 4.03240E+04
 1.62592E+00	 4.01260E+04
 1.62518E+00	 4.06940E+04
 1.62445E+00	 4.08730E+04
 1.62372E+00	 4.11860E+04
 1.62299E+00	 4.09930E+04
 1.62226E+00	 4.13900E+04
 1.62153E+00	 4.14050E+04
 1.62081E+00	 4.08490E+04
 1.62008E+00	 4.05870E+04
 1.61935E+00	 4.08730E+04
 1.61863E+00	 4.07760E+04
 1.61790E+00	 4.07180E+04
 1.61718E+00	 4.02110E+04
 1.61645E+00	 4.05600E+04
 1.61573E+00	 4.04430E+04
 1.61501E+00	 4.06580E+04
 1.61428E+00	 4.11310E+04
 1.61356E+00	 4.11370E+04
 1.61284E+00	 4.14050E+04
 1.61212E+00	 4.21550E+04
 1.61140E+00	 4.18730E+04
 1.61068E+00	 4.21760E+04
 1.60997E+00	 4.28360E+04
 1.60925E+00	 4.26260E+04
 1.60853E+00	 4.23620E+04
 1.60782E+00	 4.19360E+04
 1.60710E+00	 4.22190E+04
 1.60639E+00	 4.18770E+04
 1.60567E+00	 4.16400E+04
 1.60496E+00	 4.16630E+04
 1.60425E+00	 4.12930E+04
 1.60353E+00	 4.16580E+04
 1.60282E+00	 4.13360E+04
 1.60211E+00	 4.15410E+04
 1.60140E+00	 4.16750E+04
 1.60069E+00	 4.17560E+04
 1.59998E+00	 4.20100E+04
 1.59928E+00	 4.25910E+04
 1.59857E+00	 4.23180E+04
 1.59786E+00	 4.25360E+04
 1.59716E+00	 4.29300E+04
 1.59645E+00	 4.30180E+04
 1.59574E+00	 4.27920E+04
 1.59504E+00	 4.29040E+04
 1.59434E+00	 4.23460E+04
 1.59363E+00	 4.27860E+04
 1.59293E+00	 4.24840E+04
 1.59223E+00	 4.17570E+04
 1.59153E+00	 4.17530E+04
 1.59083E+00	 4.17110E+04
 1.59013E+00	 4.13230E+04
 1.58943E+00	 4.17850E+04
 1.58873E+00	 4.21480E+04
 1.58803E+00	 4.23790E+04
 1.58733E+00	 4.22540E+04
 1.58664E+00	 4.29730E+04
 1.58594E+00	 4.33290E+04
 1.58525E+00	 4.31660E+04
 1.58455E+00	 4.32100E+04
 1.58386E+00	 4.38520E+04
 1.58316E+00	 4.41130E+04
 1.58247E+00	 4.34070E+04
 1.58178E+00	 4.34380E+04
 1.58109E+00	 4.29980E+04
 1.58040E+00	 4.26820E+04
 1.57971E+00	 4.30820E+04
 1.57902E+00	 4.23690E+04
 1.57833E+00	 4.17220E+04
 1.57764E+00	 4.16140E+04
 1.57695E+00	 4.20110E+04
 1.57626E+00	 4.23430E+04
 1.57558E+00	 4.21120E+04
 1.57489E+00	 4.22860E+04
 1.57420E+00	 4.27520E+04
 1.57352E+00	 4.29960E+04
 1.57284E+00	 4.36320E+04
 1.57215E+00	 4.38720E+04
 1.57147E+00	 4.38290E+04
 1.57079E+00	 4.36980E+04
 1.57010E+00	 4.38290E+04
 1.56942E+00	 4.37790E+04
 1.56874E+00	 4.35160E+04
 1.56806E+00	 4.27960E+04
 1.56738E+00	 4.28720E+04
 1.56670E+00	 4.26140E+04
 1.56603E+00	 4.20550E+04
 1.56535E+00	 4.22150E+04
 1.56467E+00	 4.21140E+04
 1.56400E+00	 4.12690E+04
 1.56332E+00	 4.20260E+04
 1.56264E+00	 4.24230E+04
 1.56197E+00	 4.27450E+04
 1.56130E+00	 4.28320E+04
 1.56062E+00	 4.32250E+04
 1.55995E+00	 4.36470E+04
 1.55928E+00	 4.36120E+04
 1.55861E+00	 4.34250E+04
 1.55793E+00	 4.35340E+04
 1.55726E+00	 4.35610E+04
 1.55659E+00	 4.36010E+04
 1.55593E+00	 4.31820E+04
 1.55526E+00	 4.25520E+04
 1.55459E+00	 4.23340E+04
 1.55392E+00	 4.16500E+04
 1.55325E+00	 4.12900E+04
 1.55259E+00	 4.13310E+04
 1.55192E+00	 4.15590E+04
 1.55126E+00	 4.13820E+04
 1.55059E+00	 4.15120E+04
 1.54993E+00	 4.24120E+04
 1.54927E+00	 4.29000E+04
 1.54860E+00	 4.29080E+04
 1.54794E+00	 4.32860E+04
 1.54728E+00	 4.32400E+04
 1.54662E+00	 4.37280E+04
 1.54596E+00	 4.33040E+04
 1.54530E+00	 4.31390E+04
 1.54464E+00	 4.24030E+04
 1.54398E+00	 4.22960E+04
 1.54332E+00	 4.12840E+04
 1.54266E+00	 4.08530E+04
 1.54201E+00	 4.04870E+04
 1.54135E+00	 4.07230E+04
 1.54070E+00	 4.04590E+04
 1.54004E+00	 4.03600E+04
 1.53939E+00	 4.08050E+04
 1.53873E+00	 4.10070E+04
 1.53808E+00	 4.10550E+04
 1.53743E+00	 4.19380E+04
 1.53677E+00	 4.20970E+04
 1.53612E+00	 4.25490E+04
 1.53547E+00	 4.27820E+04
 1.53482E+00	 4.22920E+04
 1.53417E+00	 4.21320E+04
 1.53352E+00	 4.17770E+04
 1.53287E+00	 4.15400E+04
 1.53222E+00	 4.10920E+04
 1.53157E+00	 4.05040E+04
 1.53093E+00	 4.02510E+04
 1.53028E+00	 3.97640E+04
 1.52963E+00	 3.96860E+04
 1.52899E+00	 3.94310E+04
 1.52834E+00	 3.97210E+04
 1.52770E+00	 3.92950E+04
 1.52706E+00	 4.01170E+04
 1.52641E+00	 4.03060E+04
 1.52577E+00	 4.03300E+04
 1.52513E+00	 4.08250E+04
 1.52449E+00	 4.09210E+04
 1.52384E+00	 4.14360E+04
 1.52320E+00	 4.10590E+04
 1.52256E+00	 4.11980E+04
 1.52192E+00	 4.12910E+04
 1.52129E+00	 4.11770E+04
 1.52065E+00	 4.07630E+04
 1.52001E+00	 4.07080E+04
 1.51937E+00	 4.01020E+04
 1.51874E+00	 3.97620E+04
 1.51810E+00	 3.93570E+04
 1.51746E+00	 3.88710E+04
 1.51683E+00	 3.80510E+04
 1.51619E+00	 3.75970E+04
 1.51556E+00	 3.80480E+04
 1.51493E+00	 3.78810E+04
 1.51429E+00	 3.78940E+04
 1.51366E+00	 3.79180E+04
 1.51303E+00	 3.84790E+04
 1.51240E+00	 3.86020E+04
 1.51177E+00	 3.90100E+04
 1.51114E+00	 3.89090E+04
 1.51051E+00	 3.96860E+04
 1.50988E+00	 3.98220E+04
 1.50925E+00	 3.93400E+04
 1.50862E+00	 3.95310E+04
 1.50800E+00	 3.93660E+04
 1.50737E+00	 3.92670E+04
 1.50674E+00	 3.90620E+04
 1.50612E+00	 3.83980E+04
 1.50549E+00	 3.78860E+04
 1.50487E+00	 3.75200E+04
 1.50424E+00	 3.68510E+04
 1.50362E+00	 3.68850E+04
 1.50299E+00	 3.61030E+04
 1.50237E+00	 3.62850E+04
 1.50175E+00	 3.58870E+04
 1.50113E+00	 3.60290E+04
 1.50051E+00	 3.61840E+04
 1.49989E+00	 3.63780E+04
 1.49927E+00	 3.68180E+04
 1.49865E+00	 3.70090E+04
 1.49803E+00	 3.70390E+04
 1.49741E+00	 3.78750E+04
 1.49679E+00	 3.82610E+04
 1.49617E+00	 3.76860E+04
 1.49556E+00	 3.79890E+04
 1.49494E+00	 3.77050E+04
 1.49432E+00	 3.74640E+04
 1.49371E+00	 3.71280E+04
 1.49309E+00	 3.67360E+04
 1.49248E+00	 3.58530E+04
 1.49187E+00	 3.55510E+04
 1.49125E+00	 3.53710E+04
 1.49064E+00	 3.47010E+04
 1.49003E+00	 3.43010E+04
 1.48942E+00	 3.38860E+04
 1.48881E+00	 3.37860E+04
 1.48819E+00	 3.36600E+04
 1.48758E+00	 3.38400E+04
 1.48697E+00	 3.39610E+04
 1.48637E+00	 3.47270E+04
 1.48576E+00	 3.47310E+04
 1.48515E+00	 3.53140E+04
 1.48454E+00	 3.54880E+04
 1.48393E+00	 3.56360E+04
 1.48333E+00	 3.54360E+04
 1.48272E+00	 3.52770E+04
 1.48212E+00	 3.55270E+04
 1.48151E+00	 3.48130E+04
 1.48091E+00	 3.50220E+04
 1.48030E+00	 3.49350E+04
 1.47970E+00	 3.44340E+04
 1.47910E+00	 3.41930E+04
 1.47849E+00	 3.36200E+04
 1.47789E+00	 3.32430E+04
 1.47729E+00	 3.24640E+04
 1.47669E+00	 3.24720E+04
 1.47609E+00	 3.17780E+04
 1.47549E+00	 3.20650E+04
 1.47489E+00	 3.17100E+04
 1.47429E+00	 3.16570E+04
 1.47369E+00	 3.17650E+04
 1.47309E+00	 3.22530E+04
 1.47249E+00	 3.24930E+04
 1.47190E+00	 3.28580E+04
 1.47130E+00	 3.33920E+04
 1.47070E+00	 3.38570E+04
 1.47011E+00	 3.34750E+04
 1.46951E+00	 3.33120E+04
 1.46892E+00	 3.36000E+04
 1.46833E+00	 3.33180E+04
 1.46773E+00	 3.31270E+04
 1.46714E+00	 3.27720E+04
 1.46655E+00	 3.23290E+04
 1.46595E+00	 3.17570E+04
 1.46536E+00	 3.13440E+04
 1.46477E+00	 3.10570E+04
 1.46418E+00	 3.03000E+04
 1.46359E+00	 3.00860E+04
 1.46300E+00	 2.93410E+04
 1.46241E+00	 2.97350E+04
 1.46182E+00	 2.98880E+04
 1.46123E+00	 3.04380E+04
 1.46065E+00	 3.00630E+04
 1.46006E+00	 3.03630E+04
 1.45947E+00	 3.09200E+04
 1.45889E+00	 3.08850E+04
 1.45830E+00	 3.12110E+04
 1.45771E+00	 3.12130E+04
 1.45713E+00	 3.18980E+04
 1.45655E+00	 3.17850E+04
 1.45596E+00	 3.13510E+04
 1.45538E+00	 3.14470E+04
 1.45480E+00	 3.11470E+04
 1.45421E+00	 3.06170E+04
 1.45363E+00	 3.07770E+04
 1.45305E+00	 3.00220E+04
 1.45247E+00	 2.97550E+04
 1.45189E+00	 2.92610E+04
 1.45131E+00	 2.85630E+04
 1.45073E+00	 2.86980E+04
 1.45015E+00	 2.76930E+04
 1.44957E+00	 2.75970E+04
 1.44899E+00	 2.70210E+04
 1.44841E+00	 2.70730E+04
 1.44784E+00	 2.70510E+04
 1.44726E+00	 2.66470E+04
 1.44668E+00	 2.70620E+04
 1.44611E+00	 2.74060E+04
 1.44553E+00	 2.79990E+04
 1.44496E+00	 2.82220E+04
 1.44438E+00	 2.82530E+04
 1.44381E+00	 2.86150E+04
 1.44323E+00	 2.87340E+04
 1.44266E+00	 2.87640E+04
 1.44209E+00	 2.87720E+04
 1.44152E+00	 2.87330E+04
 1.44095E+00	 2.82700E+04
 1.44037E+00	 2.77020E+04
 1.43980E+00	 2.76150E+04
 1.43923E+00	 2.69250E+04
 1.43866E+00	 2.63720E+04
 1.43809E+00	 2.61600E+04
 1.43752E+00	 2.59120E+04
 1.43696E+00	 2.54020E+04
 1.43639E+00	 2.49890E+04
 1.43582E+00	 2.47820E+04
 1.43525E+00	 2.44660E+04
 1.43469E+00	 2.46040E+04
 1.43412E+00	 2.47650E+04
 1.43355E+00	 2.47830E+04
 1.43299E+00	 2.49420E+04
 1.43242E+00	 2.53800E+04
 1.43186E+00	 2.57130E+04
 1.43130E+00	 2.60280E+04
 1.43073E+00	 2.57750E+04
 1.43017E+00	 2.65170E+04
 1.42961E+00	 2.63560E+04
 1.42905E+00	 2.64000E+04
 1.42848E+00	 2.64010E+04
 1.42792E+00	 2.61760E+04
 1.42736E+00	 2.61330E+04
 1.42680E+00	 2.52530E+04
 1.42624E+00	 2.53810E+04
 1.42568E+00	 2.51330E+04
 1.42512E+00	 2.45910E+04
 1.42456E+00	 2.41890E+04
 1.42401E+00	 2.37930E+04
 1.42345E+00	 2.29790E+04
 1.42289E+00	 2.26700E+04
 1.42233E+00	 2.21320E+04
 1.42178E+00	 2.22930E+04
 1.42122E+00	 2.24120E+04
 1.42067E+00	 2.25590E+04
 1.42011E+00	 2.26030E+04
 1.41956E+00	 2.33800E+04
 1.41900E+00	 2.29590E+04
 1.41845E+00	 2.36540E+04
 1.41790E+00	 2.39440E+04
 1.41734E+00	 2.41030E+04
 1.41679E+00	 2.40010E+04
 1.41624E+00	 2.35730E+04
 1.41569E+00	 2.37480E+04
 1.41514E+00	 2.35780E+04
 1.41459E+00	 2.29450E+04
 1.41404E+00	 2.28160E+04
 1.41349E+00	 2.22260E+04
 1.41294E+00	 2.15700E+04
 1.41239E+00	 2.10970E+04
 1.41184E+00	 2.06660E+04
 1.41129E+00	 2.01580E+04
 1.41074E+00	 2.00750E+04
 1.41020E+00	 1.99680E+04
 1.40965E+00	 2.00200E+04
 1.40910E+00	 1.99080E+04
 1.40856E+00	 2.00440E+04
 1.40801E+00	 2.06790E+04
 1.40747E+00	 2.07030E+04
 1.40692E+00	 2.09480E+04
 1.40638E+00	 2.15570E+04
 1.40583E+00	 2.15220E+04
 1.40529E+00	 2.16590E+04
 1.40475E+00	 2.17550E+04
 1.40421E+00	 2.17160E+04
 1.40366E+00	 2.16300E+04
 1.40312E+00	 2.12250E+04
 1.40258E+00	 2.09480E+04
 1.40204E+00	 2.03680E+04
 1.40150E+00	 1.98840E+04
 1.40096E+00	 1.96090E+04
 1.40042E+00	 1.86460E+04
 1.39988E+00	 1.87700E+04
 1.39934E+00	 1.84120E+04
 1.39880E+00	 1.83740E+04
 1.39827E+00	 1.78440E+04
 1.39773E+00	 1.81280E+04
 1.39719E+00	 1.86770E+04
 1.39666E+00	 1.84910E+04
 1.39612E+00	 1.86580E+04
 1.39558E+00	 1.88410E+04
 1.39505E+00	 1.91670E+04
 1.39451E+00	 1.91920E+04
 1.39398E+00	 1.91960E+04
 1.39344E+00	 1.95510E+04
 1.39291E+00	 1.92620E+04
 1.39238E+00	 1.93430E+04
 1.39185E+00	 1.93880E+04
 1.39131E+00	 1.92950E+04
 1.39078E+00	 1.87860E+04
 1.39025E+00	 1.87130E+04
 1.38972E+00	 1.87150E+04
 1.38919E+00	 1.80940E+04
 1.38866E+00	 1.76090E+04
 1.38813E+00	 1.71940E+04
 1.38760E+00	 1.66370E+04
 1.38707E+00	 1.63120E+04
 1.38654E+00	 1.61630E+04
 1.38601E+00	 1.58200E+04
 1.38548E+00	 1.59870E+04
 1.38496E+00	 1.60470E+04
 1.38443E+00	 1.64770E+04
 1.38390E+00	 1.64670E+04
 1.38338E+00	 1.67850E+04
 1.38285E+00	 1.69570E+04
 1.38232E+00	 1.72460E+04
 1.38180E+00	 1.73700E+04
 1.38127E+00	 1.73610E+04
 1.38075E+00	 1.75960E+04
 1.38023E+00	 1.76370E+04
 1.37970E+00	 1.75540E+04
 1.37918E+00	 1.74800E+04
 1.37866E+00	 1.76540E+04
 1.37813E+00	 1.69490E+04
 1.37761E+00	 1.68070E+04
 1.37709E+00	 1.65030E+04
 1.37657E+00	 1.60320E+04
 1.37605E+00	 1.59670E+04
 1.37553E+00	 1.52820E+04
 1.37501E+00	 1.48370E+04
 1.37449E+00	 1.47930E+04
 1.37397E+00	 1.46650E+04
 1.37345E+00	 1.45290E+04
 1.37293E+00	 1.42220E+04
 1.37242E+00	 1.41170E+04
 1.37190E+00	 1.42790E+04
 1.37138E+00	 1.41780E+04
 1.37086E+00	 1.44660E+04
 1.37035E+00	 1.46160E+04
 1.36983E+00	 1.45880E+04
 1.36932E+00	 1.45870E+04
 1.36880E+00	 1.52000E+04
 1.36829E+00	 1.51760E+04
 1.36777E+00	 1.53870E+04
 1.36726E+00	 1.53590E+04
 1.36674E+00	 1.54670E+04
 1.36623E+00	 1.55310E+04
 1.36572E+00	 1.50240E+04
 1.36521E+00	 1.50130E+04
 1.36469E+00	 1.48910E+04
 1.36418E+00	 1.46830E+04
 1.36367E+00	 1.45420E+04
 1.36316E+00	 1.38550E+04
 1.36265E+00	 1.36720E+04
 1.36214E+00	 1.32590E+04
 1.36163E+00	 1.31990E+04
 1.36112E+00	 1.27150E+04
 1.36061E+00	 1.26800E+04
 1.36010E+00	 1.24200E+04
 1.35959E+00	 1.22380E+04
 1.35909E+00	 1.22710E+04
 1.35858E+00	 1.24730E+04
 1.35807E+00	 1.21610E+04
 1.35757E+00	 1.26110E+04
 1.35706E+00	 1.29770E+04
 1.35655E+00	 1.29050E+04
 1.35605E+00	 1.33510E+04
 1.35554E+00	 1.31610E+04
 1.35504E+00	 1.31970E+04
 1.35453E+00	 1.32480E+04
 1.35403E+00	 1.35660E+04
 1.35353E+00	 1.36570E+04
 1.35302E+00	 1.32770E+04
 1.35252E+00	 1.34350E+04
 1.35202E+00	 1.31160E+04
 1.35151E+00	 1.30620E+04
 1.35101E+00	 1.29260E+04
 1.35051E+00	 1.24750E+04
 1.35001E+00	 1.21320E+04
 1.34951E+00	 1.16730E+04
 1.34901E+00	 1.16450E+04
 1.34851E+00	 1.13910E+04
 1.34801E+00	 1.10070E+04
 1.34751E+00	 1.08910E+04
 1.34701E+00	 1.06010E+04
 1.34651E+00	 1.05980E+04
 1.34602E+00	 1.06020E+04
 1.34552E+00	 1.09280E+04
 1.34502E+00	 1.07470E+04
 1.34452E+00	 1.10340E+04
 1.34403E+00	 1.11830E+04
 1.34353E+00	 1.14700E+04
 1.34303E+00	 1.12580E+04
 1.34254E+00	 1.13590E+04
 1.34204E+00	 1.14680E+04
 1.34155E+00	 1.16640E+04
 1.34106E+00	 1.14660E+04
 1.34056E+00	 1.15240E+04
 1.34007E+00	 1.13430E+04
 1.33957E+00	 1.13910E+04
 1.33908E+00	 1.12570E+04
 1.33859E+00	 1.08540E+04
 1.33810E+00	 1.06050E+04
 1.33760E+00	 1.06900E+04
 1.33711E+00	 1.00820E+04
 1.33662E+00	 9.90700E+03
 1.33613E+00	 9.63900E+03
 1.33564E+00	 9.62500E+03
 1.33515E+00	 9.19700E+03
 1.33466E+00	 9.26900E+03
 1.33417E+00	 9.22600E+03
 1.33368E+00	 9.05100E+03
 1.33319E+00	 9.30600E+03
 1.33271E+00	 9.43500E+03
 1.33222E+00	 9.30300E+03
 1.33173E+00	 9.68700E+03
 1.33124E+00	 9.81800E+03
 1.33076E+00	 9.63200E+03
 1.33027E+00	 9.79300E+03
 1.32978E+00	 9.99100E+03
 1.32930E+00	 9.91100E+03
 1.32881E+00	 9.85400E+03
 1.32833E+00	 9.86900E+03
 1.32784E+00	 9.76900E+03
 1.32736E+00	 9.76600E+03
 1.32688E+00	 9.64900E+03
 1.32639E+00	 9.37000E+03
 1.32591E+00	 9.32500E+03
 1.32543E+00	 9.21900E+03
 1.32494E+00	 8.85500E+03
 1.32446E+00	 8.60400E+03
 1.32398E+00	 8.36900E+03
 1.32350E+00	 8.20700E+03
 1.32302E+00	 8.03800E+03
 1.32254E+00	 7.88700E+03
 1.32206E+00	 7.90200E+03
 1.32158E+00	 7.82700E+03
 1.32110E+00	 7.92900E+03
 1.32062E+00	 7.81700E+03
 1.32014E+00	 7.96900E+03
 1.31966E+00	 8.15800E+03
 1.31918E+00	 8.36400E+03
 1.31870E+00	 8.25900E+03
 1.31822E+00	 8.39800E+03
 1.31775E+00	 8.42200E+03
 1.31727E+00	 8.58100E+03
 1.31679E+00	 8.54000E+03
 1.31632E+00	 8.56800E+03
 1.31584E+00	 8.31500E+03
 1.31537E+00	 8.27100E+03
 1.31489E+00	 8.03000E+03
 1.31442E+00	 7.90800E+03
 1.31394E+00	 7.72200E+03
 1.31347E+00	 7.48000E+03
 1.31299E+00	 7.30200E+03
 1.31252E+00	 7.18400E+03
 1.31205E+00	 7.07900E+03
 1.31157E+00	 6.99100E+03
 1.31110E+00	 6.76800E+03
 1.31063E+00	 6.85100E+03
 1.31016E+00	 6.76700E+03
 1.30969E+00	 6.79700E+03
 1.30921E+00	 6.73800E+03
 1.30874E+00	 7.03600E+03
 1.30827E+00	 7.03200E+03
 1.30780E+00	 7.03800E+03
 1.30733E+00	 7.16400E+03
 1.30686E+00	 7.28700E+03
 1.30639E+00	 7.22800E+03
 1.30593E+00	 7.37900E+03
 1.30546E+00	 7.28200E+03
 1.30499E+00	 7.30900E+03
 1.30452E+00	 7.23800E+03
 1.30405E+00	 7.08400E+03
 1.30359E+00	 7.09600E+03
 1.30312E+00	 6.89600E+03
 1.30265E+00	 6.78400E+03
 1.30219E+00	 6.57400E+03
 1.30172E+00	 6.27000E+03
 1.30126E+00	 6.37900E+03
 1.30079E+00	 6.03300E+03
 1.30033E+00	 6.17100E+03
 1.29986E+00	 5.98100E+03
 1.29940E+00	 5.94500E+03
 1.29893E+00	 5.95500E+03
 1.29847E+00	 5.98000E+03
 1.29801E+00	 6.08600E+03
 1.29754E+00	 6.10500E+03
 1.29708E+00	 6.15400E+03
 1.29662E+00	 6.40700E+03
 1.29616E+00	 6.38900E+03
 1.29570E+00	 6.27000E+03
 1.29524E+00	 6.34600E+03
 1.29477E+00	 6.33700E+03
 1.29431E+00	 6.31400E+03
 1.29385E+00	 6.28900E+03
 1.29339E+00	 6.22900E+03
 1.29293E+00	 6.02500E+03
 1.29248E+00	 5.93600E+03
 1.29202E+00	 5.80300E+03
 1.29156E+00	 5.95200E+03
 1.29110E+00	 5.58100E+03
 1.29064E+00	 5.51000E+03
 1.29018E+00	 5.59500E+03
 1.28973E+00	 5.36800E+03
 1.28927E+00	 5.38700E+03
 1.28881E+00	 5.24800E+03
 1.28836E+00	 5.15300E+03
 1.28790E+00	 5.12600E+03
 1.28745E+00	 5.01300E+03
 1.28699E+00	 5.01800E+03
 1.28654E+00	 5.11900E+03
 1.28608E+00	 5.23600E+03
 1.28563E+00	 5.15400E+03
 1.28517E+00	 5.23100E+03
 1.28472E+00	 5.41200E+03
 1.28427E+00	 5.42300E+03
 1.28381E+00	 5.29400E+03
 1.28336E+00	 5.42100E+03
 1.28291E+00	 5.41900E+03
 1.28246E+00	 5.38500E+03
 1.28200E+00	 5.38100E+03
 1.28155E+00	 5.27500E+03
 1.28110E+00	 5.26100E+03
 1.28065E+00	 5.15200E+03
 1.28020E+00	 5.03300E+03
 1.27975E+00	 4.93400E+03
 1.27930E+00	 4.79000E+03
 1.27885E+00	 4.77400E+03
 1.27840E+00	 4.63500E+03
 1.27795E+00	 4.51600E+03
 1.27750E+00	 4.54100E+03
 1.27706E+00	 4.33200E+03
 1.27661E+00	 4.25300E+03
 1.27616E+00	 4.31800E+03
 1.27571E+00	 4.29400E+03
 1.27527E+00	 4.31200E+03
 1.27482E+00	 4.27900E+03
 1.27437E+00	 4.30200E+03
 1.27393E+00	 4.26400E+03
 1.27348E+00	 4.36500E+03
 1.27304E+00	 4.25800E+03
 1.27259E+00	 4.50100E+03
 1.27215E+00	 4.56100E+03
 1.27170E+00	 4.44100E+03
 1.27126E+00	 4.53800E+03
 1.27081E+00	 4.68600E+03
 1.27037E+00	 4.57900E+03
 1.26993E+00	 4.63500E+03
 1.26948E+00	 4.46400E+03
 1.26904E+00	 4.47500E+03
 1.26860E+00	 4.35700E+03
 1.26816E+00	 4.35300E+03
 1.26771E+00	 4.23800E+03
 1.26727E+00	 4.26800E+03
 1.26683E+00	 4.06300E+03
 1.26639E+00	 3.97800E+03
 1.26595E+00	 3.90000E+03
 1.26551E+00	 3.84900E+03
 1.26507E+00	 3.78100E+03
 1.26463E+00	 3.78000E+03
 1.26419E+00	 3.62700E+03
 1.26375E+00	 3.61300E+03
 1.26331E+00	 3.54600E+03
 1.26287E+00	 3.61000E+03
 1.26244E+00	 3.69000E+03
 1.26200E+00	 3.68400E+03
 1.26156E+00	 3.72600E+03
 1.26112E+00	 3.76900E+03
 1.26069E+00	 3.87000E+03
 1.26025E+00	 3.73100E+03
 1.25981E+00	 3.83200E+03
 1.25938E+00	 3.73500E+03
 1.25894E+00	 3.78900E+03
 1.25851E+00	 3.80800E+03
 1.25807E+00	 3.77700E+03
 1.25764E+00	 3.97100E+03
 1.25720E+00	 3.74700E+03
 1.25677E+00	 3.66800E+03
 1.25634E+00	 3.65800E+03
 1.25590E+00	 3.67900E+03
 1.25547E+00	 3.62100E+03
 1.25504E+00	 3.58200E+03
 1.25460E+00	 3.49000E+03
 1.25417E+00	 3.44200E+03
 1.25374E+00	 3.44600E+03
 1.25331E+00	 3.36700E+03
 1.25288E+00	 3.34900E+03
 1.25244E+00	 3.31800E+03
 1.25201E+00	 3.16300E+03
 1.25158E+00	 3.13100E+03
 1.25115E+00	 3.18200E+03
 1.25072E+00	 3.02500E+03
 1.25029E+00	 3.08100E+03
 1.24986E+00	 3.07600E+03
 1.24943E+00	 3.12100E+03
 1.24901E+00	 3.02600E+03
 1.24858E+00	 3.02900E+03
 1.24815E+00	 3.13000E+03
 1.24772E+00	 3.18900E+03
 1.24729E+00	 3.11600E+03
 1.24687E+00	 3.18100E+03
 1.24644E+00	 3.20100E+03
 1.24601E+00	 3.11800E+03
 1.24559E+00	 3.19500E+03
 1.24516E+00	 3.17700E+03
 1.24473E+00	 3.21300E+03
 1.24431E+00	 3.12800E+03
 1.24388E+00	 3.17400E+03
 1.24346E+00	 3.11800E+03
 1.24303E+00	 3.11700E+03
 1.24261E+00	 3.12000E+03
 1.24219E+00	 2.97400E+03
 1.24176E+00	 2.94800E+03
 1.24134E+00	 2.89500E+03
 1.24092E+00	 2.85800E+03
 1.24049E+00	 2.82600E+03
 1.24007E+00	 2.76900E+03
 1.23965E+00	 2.75200E+03
 1.23923E+00	 2.63000E+03
 1.23880E+00	 2.71400E+03
 1.23838E+00	 2.61400E+03
 1.23796E+00	 2.70000E+03
 1.23754E+00	 2.56400E+03
 1.23712E+00	 2.61800E+03
 1.23670E+00	 2.69700E+03
 1.23628E+00	 2.58900E+03
 1.23586E+00	 2.69100E+03
 1.23544E+00	 2.72400E+03
 1.23502E+00	 2.67800E+03
 1.23460E+00	 2.70100E+03
 1.23418E+00	 2.68000E+03
 1.23376E+00	 2.75600E+03
 1.23335E+00	 2.74000E+03
 1.23293E+00	 2.69900E+03
 1.23251E+00	 2.69500E+03
 1.23209E+00	 2.71800E+03
 1.23168E+00	 2.70200E+03
 1.23126E+00	 2.68100E+03
 1.23084E+00	 2.62500E+03
 1.23043E+00	 2.55700E+03
 1.23001E+00	 2.64400E+03
 1.22960E+00	 2.62200E+03
 1.22918E+00	 2.47000E+03
 1.22877E+00	 2.49900E+03
 1.22835E+00	 2.39700E+03
 1.22794E+00	 2.45800E+03
 1.22752E+00	 2.42600E+03
 1.22711E+00	 2.39200E+03
 1.22670E+00	 2.28200E+03
 1.22628E+00	 2.32800E+03
 1.22587E+00	 2.28800E+03
 1.22546E+00	 2.32500E+03
 1.22505E+00	 2.32600E+03
 1.22463E+00	 2.24900E+03
 1.22422E+00	 2.34200E+03
 1.22381E+00	 2.28100E+03
 1.22340E+00	 2.32000E+03
 1.22299E+00	 2.29700E+03
 1.22258E+00	 2.34200E+03
 1.22217E+00	 2.29000E+03
 1.22176E+00	 2.33100E+03
 1.22135E+00	 2.35500E+03
 1.22094E+00	 2.32600E+03
 1.22053E+00	 2.33300E+03
 1.22012E+00	 2.27700E+03
 1.21971E+00	 2.36500E+03
 1.21930E+00	 2.40900E+03
 1.21890E+00	 2.34800E+03
 1.21849E+00	 2.26600E+03
 1.21808E+00	 2.29200E+03
 1.21767E+00	 2.27900E+03
 1.21727E+00	 2.23900E+03
 1.21686E+00	 2.25800E+03
 1.21645E+00	 2.21600E+03
 1.21605E+00	 2.17900E+03
 1.21564E+00	 2.13600E+03
 1.21523E+00	 2.16800E+03
 1.21483E+00	 2.16300E+03
 1.21442E+00	 2.12500E+03
 1.21402E+00	 2.11100E+03
 1.21361E+00	 2.04700E+03
 1.21321E+00	 2.05200E+03
 1.21281E+00	 2.10600E+03
 1.21240E+00	 2.05000E+03
 1.21200E+00	 2.04600E+03
 1.21160E+00	 2.08100E+03
 1.21119E+00	 2.10900E+03
 1.21079E+00	 2.04500E+03
 1.21039E+00	 2.13300E+03
 1.20999E+00	 2.07400E+03
 1.20958E+00	 2.09000E+03
 1.20918E+00	 2.03000E+03
 1.20878E+00	 2.08400E+03
 1.20838E+00	 2.07100E+03
 1.20798E+00	 2.08300E+03
 1.20758E+00	 2.10000E+03
 1.20718E+00	 2.09000E+03
 1.20678E+00	 2.06000E+03
 1.20638E+00	 2.01400E+03
 1.20598E+00	 2.03000E+03
 1.20558E+00	 2.01800E+03
 1.20518E+00	 1.96900E+03
 1.20478E+00	 1.99000E+03
 1.20439E+00	 1.91000E+03
 1.20399E+00	 1.92200E+03
 1.20359E+00	 1.88200E+03
 1.20319E+00	 1.96400E+03
 1.20280E+00	 1.92000E+03
 1.20240E+00	 1.91700E+03
 1.20200E+00	 1.92000E+03
 1.20161E+00	 1.91100E+03
 1.20121E+00	 1.92600E+03
 1.20081E+00	 1.88500E+03
 1.20042E+00	 1.89400E+03
 1.20002E+00	 1.92900E+03
 1.19963E+00	 1.90800E+03
 1.19923E+00	 1.94500E+03
 1.19884E+00	 1.90300E+03
 1.19844E+00	 1.94200E+03
 1.19805E+00	 1.94500E+03
 1.19766E+00	 1.88400E+03
 1.19726E+00	 1.94000E+03
 1.19687E+00	 1.91300E+03
 1.19648E+00	 1.90000E+03
 1.19608E+00	 1.86700E+03
 1.19569E+00	 1.89400E+03
 1.19530E+00	 1.87600E+03
 1.19491E+00	 1.86600E+03
 1.19452E+00	 1.84600E+03
 1.19413E+00	 1.81800E+03
 1.19373E+00	 1.83900E+03
 1.19334E+00	 1.85000E+03
 1.19295E+00	 1.81000E+03
 1.19256E+00	 1.82900E+03
 1.19217E+00	 1.82400E+03
 1.19178E+00	 1.78600E+03
 1.19139E+00	 1.76800E+03
 1.19100E+00	 1.80400E+03
 1.19062E+00	 1.77000E+03
 1.19023E+00	 1.79800E+03
 1.18984E+00	 1.79900E+03
 1.18945E+00	 1.78700E+03
 1.18906E+00	 1.78900E+03
 1.18868E+00	 1.78900E+03
 1.18829E+00	 1.78800E+03
 1.18790E+00	 1.79300E+03
 1.18751E+00	 1.75500E+03
 1.18713E+00	 1.77400E+03
 1.18674E+00	 1.79800E+03
 1.18636E+00	 1.78700E+03
 1.18597E+00	 1.77200E+03
 1.18558E+00	 1.75500E+03
 1.18520E+00	 1.78800E+03
 1.18481E+00	 1.75500E+03
 1.18443E+00	 1.76800E+03
 1.18404E+00	 1.74700E+03
 1.18366E+00	 1.76500E+03
 1.18328E+00	 1.77300E+03
 1.18289E+00	 1.73600E+03
 1.18251E+00	 1.75600E+03
 1.18213E+00	 1.72700E+03
 1.18174E+00	 1.74000E+03
 1.18136E+00	 1.73100E+03
 1.18098E+00	 1.70500E+03
 1.18060E+00	 1.71200E+03
 1.18021E+00	 1.73200E+03
 1.17983E+00	 1.71500E+03
 1.17945E+00	 1.71200E+03
 1.17907E+00	 1.71000E+03
 1.17869E+00	 1.72600E+03
 1.17831E+00	 1.68600E+03
 1.17793E+00	 1.73600E+03
 1.17755E+00	 1.74300E+03
 1.17717E+00	 1.72000E+03
 1.17679E+00	 1.73000E+03
 1.17641E+00	 1.74200E+03
 1.17603E+00	 1.69700E+03
 1.17565E+00	 1.72400E+03
 1.17527E+00	 1.73000E+03
 1.17490E+00	 1.71000E+03
 1.17452E+00	 1.70500E+03
 1.17414E+00	 1.70400E+03
 1.17376E+00	 1.72200E+03
 1.17339E+00	 1.71400E+03
 1.17301E+00	 1.73000E+03
 1.17263E+00	 1.70400E+03
 1.17226E+00	 1.69500E+03
 1.17188E+00	 1.70300E+03
 1.17150E+00	 1.70700E+03
 1.17113E+00	 1.69500E+03
 1.17075E+00	 1.68900E+03
 1.17038E+00	 1.69600E+03
 1.17000E+00	 1.67700E+03
 1.16963E+00	 1.70000E+03
 1.16925E+00	 1.68000E+03
 1.16888E+00	 1.69500E+03
 1.16851E+00	 1.68000E+03
 1.16813E+00	 1.68200E+03
 1.16776E+00	 1.66800E+03
 1.16739E+00	 1.67700E+03
 1.16701E+00	 1.67100E+03
 1.16664E+00	 1.68300E+03
 1.16627E+00	 1.69400E+03
 1.16590E+00	 1.69800E+03
 1.16553E+00	 1.68400E+03
 1.16515E+00	 1.68100E+03
 1.16478E+00	 1.68200E+03
 1.16441E+00	 1.67400E+03
 1.16404E+00	 1.69000E+03
 1.16367E+00	 1.69400E+03
 1.16330E+00	 1.67800E+03
 1.16293E+00	 1.67100E+03
 1.16256E+00	 1.66000E+03
